953 0.03733584665273779
1323 0.019256782588686808
1789 0.03883289002067668
1707 0.07529915780194352
1175 0.05085904881090646
1059 0.062367525230260006
1329 0.047697008550623934
1559 0.06856361750719028
1804 0.07164108965083048
1898 0.03836478031931596
1622 0.060898622357573685
1520 0.03939779630940669
1200 0.0003702777375557513
1202 0.0009566287024328761
1449 0.03444401038542023
1836 0.006160188840356936
1156 0.02740518656604115
1605 0.03356806093676861
1149 0.03376722989320535
1173 0.03385059703519268
1180 0.012393955116416552
1549 0.010839666121061697
1412 0.004185737855746979
1638 0.007661043533171751
942 0.025195371281578924
1448 0.019499198013755974
1786 0.03624201078413799
1768 0.07046651781935022
1092 0.014409020212492107
927 0.019712305887517347
1791 0.04130027277381424
1287 0.018214880846639293
1516 0.06720750653504835
1044 0.009591660925898709
1235 0.042760242051636026
1100 0.02763774141075844
1279 0.018160106305925978
1366 0.01654532704236306
1472 0.023212596328402505
1374 0.016000582713499436
483 0.043218340076363895
1610 0.06864527994217644
1021 0.022932948577422133
1322 0.031009685251186324
923 0.00047104871149538513
1505 0.006998830859107696
1761 0.038332358788441497
1566 0.00415385736150825
1211 0.06399442924589019
1835 0.06594038279470552
896 0.04564007366647392
1479 0.03631969283277034
1215 0.012364552170659788
1199 0.0808663070763968
1539 0.024927113939497928
1153 0.05536583471070056
1796 0.023224686628636
1355 0.013266339311510354
1236 0.011455102271830192
1899 0.03084768688344711
1884 0.0120096505757514
1425 0.007377625639459555
475 0.015114944144289405
1298 0.02551774248252938
366 0.017615568722297394
930 0.014797296615771118
1230 0.035280306111682654
1621 0.07491993891601544
1437 0.013853110942740663
1337 0.006549354929095259
1801 0.006210680261293722
1695 0.00931308661386522
1795 0.025488228529289933
1839 0.06174778845428529
1632 0.021658265519747658
1370 0.04528154311645277
1340 0.02303857502402674
1871 0.029305235355241176
954 0.01714759197121044
1718 0.010843781342194346
1846 0.008878830901287863
1582 0.015898698456031268
1438 0.0138882726280665
1060 0.015910896418489598
1859 0.01701907528010883
1816 0.05030919950779788
1619 0.04469271068144727
1431 0.0730766466453714
1734 0.01177608634846927
944 0.010939291791852473
1428 0.00840401884001497
1097 0.01754609339117288
958 0.010985883534091002
1488 0.045256713080158176
1471 0.06672919799472402
1613 0.07684320914551995
1250 0.0448473672312082
1833 0.08316782773519192
1085 0.009208517038425797
1518 0.0027781614648514186
1163 0.033689583203767644
1040 0.023163481425070877
1900 0.007683123873627847
1819 0.02946418525867983
1557 0.05560621080362555
1864 0.03349090484255171
1754 0.011148652154454111
1813 0.04354893150397809
1135 0.020663909093299872
908 0.009846291029709056
1537 0.004169287184065627
1612 0.0755899197303826
1652 0.02404238256918451
1389 0.013197094649419141
1740 0.010919682382652864
1122 0.01802371725975972
1352 0.07695299768423994
1483 0.03437242840119963
959 0.01206816980798586
1569 0.01039979741903146
1903 0.015129409187788965
641 0.013750258896188538
1625 0.00850001453521037
1444 0.006955591183885436
1876 0.011891484567483688
1192 0.03779200239322685
1129 0.026636502377780806
1078 0.0750945225610137
1420 0.04647971550966557
1360 0.01319580071968344
1579 0.0013749214514731413
1794 0.011651359321702323
1334 0.028930660319544336
1716 0.016742306749859655
1765 0.023582320393076877
1703 0.019195059335390136
1686 0.009072258766584528
924 0.011061256890294899
1260 0.011149763376387635
1285 0.01709447856254037
916 0.05521931777490183
1714 0.05644798074287342
952 0.033564571904337516
1332 0.014078144196218858
1210 0.00857804085828224
1459 0.0394502077170193
1680 0.021506829509758876
1222 0.047827914949932916
1124 0.03854256629960618
1399 0.07007594640958946
1377 0.06401170866637118
975 0.02450217522906961
1256 0.043574965672811876
926 0.003306698078029193
1345 0.04351085394004133
1126 0.07061532377454932
1596 0.0346387329395346
1432 0.020410333800445348
1414 0.000878708384927338
1752 0.04270663823556595
1344 0.026945635440446175
1402 0.025703589486363615
1101 0.041040246015843294
1837 0.01819276962991946
1424 0.004880615833353166
1730 0.07054731035465997
1074 0.01590058594479874
980 0.0421234685981667
1341 0.042669685793057584
1868 0.04603322741970625
1086 0.06599684675050703
1391 0.061078975277888935
1771 0.004111979033460081
1685 0.018669578873351352
1039 0.005722623430160843
1081 0.008622797337540119
1003 0.03128246040519912
1823 0.05336259371859227
1191 0.02823927259372583
1721 0.042049673096462806
1584 0.0707640465197305
1832 0.014252401157251305
1083 0.0421540974231201
1317 0.006341191452820287
929 0.0015436621212137815
946 0.054471971033734606
960 0.036070341238197356
1380 0.031816064184032385
1662 0.05388066819883134
1689 0.03776417136824837
932 0.015244818764405796
1238 0.05278079822906954
1608 0.043982761372090375
997 0.03656048533646845
1530 0.041539121639606214
1583 0.040114425928938505
1099 0.024609687375729678
1291 0.04636011877652693
1741 0.03346503658651348
921 0.037852361276773897
1735 0.040913028179560475
1473 0.010685144226030138
1064 0.007074161441103694
1760 0.00039149622359999916
1070 0.019087789806369614
1132 0.054565621544732296
1367 0.06178631747170152
1251 0.004290010281034263
1307 0.012453135991206052
1724 0.015892785373634203
1302 0.042063552515259325
1014 0.03379972265148021
1108 0.016445077679907497
1528 0.019636654601441518
1336 0.018288288074345127
1547 0.048273910153609566
1573 0.03010777347383327
988 0.01648246951469993
1663 0.08455752736426461
1290 0.025448507512401984
1705 0.009374258475697094
1187 0.006700555883982128
1190 0.016383064306755703
1436 0.005127445343991987
1881 0.009698577260782004
1799 0.061287183704725655
1688 0.017679433561304494
1515 0.02286962336331988
898 0.013590360139714529
1328 0.006315623575634753
1511 0.010852548387276171
1587 0.02224272210178294
1331 0.05589330473844568
1423 0.020716701308171246
1872 0.017382986608621236
1842 0.04117271218351362
1782 0.02366652469456105
1213 0.005064219171865772
1005 0.003933683577500482
1502 0.023053843952778034
1636 0.0333365378464191
1750 0.04666736439722964
991 0.00427623682063102
1604 0.051758066284839914
1497 0.005190631904677084
1376 0.06792737714106926
1166 0.018630605433458576
1793 0.0424318021454505
1857 0.03218549036830678
1026 0.02323332639724301
1018 0.017595988513434163
1600 0.038510632762025696
526 0.017103456512601714
1117 0.04668192705820947
1054 0.016257260929690088
1540 0.011440319013498403
1643 0.03585606720259573
1184 0.059042980260013214
1551 0.05351551656715244
1004 0.0429494592633056
1849 0.038359729662071296
1746 0.06490609413620844
1305 0.031918886929460245
1114 0.010019124327525252
1487 0.014844312237088713
1687 0.013003535492141767
1593 0.007825539879463685
1777 0.0010566555083395164
563 0.004818607349892225
1478 0.004910813190609516
1743 0.0058325868828147
1609 0.028090648019721956
1460 0.01261182298498298
1139 0.006294988948082937
1219 0.01593106694894448
1080 0.013918884093413414
353 0.01580914842788446
1542 0.015705665210808847
1717 0.044047684013746397
1675 0.042024262942634595
1347 0.024558270152637812
1820 0.026106719597513612
1508 0.010086222135774916
1882 0.016298298908809867
914 0.00412029108566958
1041 0.014591711268582377
1496 0.013108336550436089
1228 0.005317253907260617
1024 0.022401565390277694
1390 0.0628062104025582
1648 0.01117208412464311
1232 0.012860748323051273
1342 0.002015732754443369
1886 0.034585867591498315
1800 0.0795013713106385
1098 0.008517375958777712
1802 0.0035500049708627386
1629 0.0077903078962102135
1554 0.05406607998867836
947 0.0381068275635418
1028 0.023534807528661054
1757 0.05437970211721128
1243 0.03613509208863827
978 0.033406300585706684
993 0.06263402386148774
1753 0.02735188530236894
1361 0.04848022812161845
1783 0.03182224890003462
1469 0.01346330436691525
1172 0.041789235640543175
1011 0.007981952284687354
1072 0.006714155219807919
1242 0.03467781742839374
925 0.05682255329907218
897 0.014578218986711708
1207 0.02305432725065463
1809 0.04598896334926517
1435 0.011299413419438926
1492 0.0025799390558487313
1509 0.04672043863531903
1079 0.039990120673882794
1181 0.03102039374270658
1615 0.007985383627176117
1433 0.007841230219121972
1617 0.033562366519144786
1589 0.08238871318823704
1467 0.04130733737715804
1404 0.01839262258121562
1522 0.04452077262305042
1489 0.007162811032908665
1495 0.022063159056145365
1669 0.040595346268813746
957 0.026285479481813978
1158 0.022526648426499256
1570 0.04265754652692563
1485 0.013227350761632811
1020 0.022880308259127017
1066 0.02556162442767945
1348 0.010757908475493221
1630 0.01722546225412039
1415 0.008199232319170281
949 0.007249201081677433
1815 0.007324023849760466
968 0.009025233695104712
999 0.020668389555474016
996 0.0006808951011511971
629 0.0016640440718575088
1185 0.060510094229876646
1826 0.0354358572797232
1692 0.013651321098707852
566 0.010934372212161885
1447 0.043836359170183185
1067 0.028060765663757755
1532 0.012060896066200448
1491 0.046333958300020614
1727 0.0062187385900740015
1418 0.00451667654175978
1167 0.009415005640055677
1246 0.007236327452172001
1107 0.04969461816345683
1115 0.012265840825918514
1645 0.0170189363151339
1400 0.00566080538290925
1529 0.008096333654413332
596 0.004726137378709743
1408 0.008058155079041819
915 0.008704956047670102
1112 0.017821301121160288
1620 0.04022849177981982
1588 0.007566433975349163
1719 0.005354358284801726
1381 0.008527881987508838
1043 0.0032301657415333145
955 0.0037251206104347246
1682 0.014040699818695705
1524 0.01148616504268476
1888 0.0920805768649278
1907 0.009179304175316764
1766 0.010611755405712868
1870 0.006128547616181673
1231 0.029369534509500132
1571 0.011428201393670671
905 0.0040092460715442126
1536 0.018994703706532026
1294 0.006505797595852357
1427 0.017431873404659244
1123 0.018668004287044564
1637 0.02611442964819902
1676 0.0053560160937058295
1144 0.008670588047462891
1597 0.03418505834005642
992 0.014035019645698043
963 0.0150885065587553
934 0.027667383378167678
1877 0.022122727731640136
1288 0.0376178049921297
1042 0.0028402477053443113
1538 0.015991925633456815
1706 0.013318178259743196
1393 0.0137345283999875
1189 0.008743290508247487
1668 0.047848942411436106
1146 0.060810057908415364
1535 0.020323900264240236
1296 0.0054154362566432345
1109 0.01132024406423819
1033 0.006310767269985233
1186 0.006370441853675413
939 0.003934247483851256
1356 0.004709779529456033
1599 0.002540836361540964
1901 0.0020641267336264303
1277 0.04569626305905904
1841 0.019306815534379563
1312 0.024627161093247165
1590 0.022326611432215874
1214 0.03851482231369927
1075 0.02392887640154278
1880 0.015666486028665067
1378 0.015460315396407222
1446 0.011617150425999133
1131 0.008824199855869495
1304 0.009308533432983183
1821 0.006999240557325912
1683 0.04018408370418377
1513 0.015365698643198311
1603 0.05941841177743182
1623 0.03755713515613288
1142 0.009561475887450523
1844 0.020944424813169767
1456 0.05088191487267022
1824 0.02119763127945347
1273 0.01537498887386032
1120 0.020107186804537214
1462 0.034988053502769026
1284 0.020455922734835142
1379 0.024540445613108915
1576 0.030054251792445294
1076 0.05055266970816823
1359 0.02819310605526348
1160 0.02983432089225974
906 0.01954826715388868
1445 0.0017887702041962973
951 0.004624922101929295
1661 0.028155860099924133
1382 0.01629781561623594
1282 0.026025482485702675
1324 0.013760547498318131
1691 0.0249202128774357
1606 0.009348091422761648
1113 0.015645474204147677
1416 0.040062577802742486
1335 0.049259848597621426
1159 0.01611397764124904
1738 0.005979979956109148
1047 0.015250565396159802
1902 0.04224195206448741
1375 0.024143387763576003
1611 0.027923478988686624
1272 0.0289040535753665
1715 0.025065645920252205
1616 0.01663006449208361
1048 0.03214055709212006
1911 0.010769728296685077
1879 0.06026323704459194
1798 0.01621928675343783
902 0.019902204759159808
966 0.041345478730666956
982 0.01671335522698271
1209 0.025936113274173344
1257 0.022184857951096374
1767 0.009097690208819403
1338 0.018591689689180742
1712 0.038543986244554164
1500 0.00826548167828694
1634 0.010615301824755306
1029 0.019122949251308148
1205 0.03663422943027214
1722 0.016630398408511948
1333 0.015775333068656253
1468 0.014842589087542402
1410 0.007592257010746259
1866 0.010679692245224463
1655 0.015938417636699394
1895 0.017495925206829525
1601 0.016261779814978297
1764 0.007286180259130496
1519 0.005417836650656487
1267 0.04394876534361551
1628 0.03587337182080419
1292 0.024327621964975406
1339 0.032556468758169185
1827 0.05968986797624351
1805 0.005654869522902209
1618 0.005563278813211101
1271 0.03517866599301418
1330 0.04305932980885578
1744 0.009956172300777156
1845 0.02137295365476919
1572 0.013357378658928274
1406 0.010111499726008489
1261 0.02567383127862034
484 0.019981046170797764
1710 0.0030954954089907837
938 0.01173534140592612
1314 0.010309892755151004
1310 0.008701057674139322
1563 0.04246931890103063
1543 0.009288452989378708
1177 0.004586444531152153
1694 0.008402072118412087
1831 0.008034998519293813
1565 0.013758435245332126
1671 0.005269825363112976
1010 0.007479591714015212
1289 0.02218936788314726
1720 0.014203046037087786
1102 0.02094701966790802
1893 0.027880057002068928
1677 0.012137210286680127
1665 0.04569540347384817
1426 0.026184884750229197
1017 0.049429657718829345
1504 0.01639174217006688
1319 0.010603716785982981
1770 0.011369215551752543
1484 0.00545327304663684
1269 0.04978749844882235
1531 0.003374597841202531
1614 0.02264919903740697
1769 0.0067558824939707406
901 0.017447198052435383
1548 0.01824729341378683
1709 0.016094608948824404
1204 0.03787742630432069
1439 0.005837804191123466
1737 0.030359840770921652
1198 0.02923772354410689
1350 0.01005414934822915
1036 0.02424731180923324
1574 0.0200837175208652
1493 0.011581701624791992
1733 0.018277497721240498
637 0.018701064307258326
1503 0.009414823712608796
1134 0.0025724744533136895
1227 0.03463789800010124
1843 0.008418567933696063
1396 0.02459510928723231
1756 0.0049344440565272955
1742 0.026140203382585606
1649 0.010567730236512054
1049 0.02632557674182379
1534 0.006384000491682278
1452 0.015731497798721888
1411 0.002029845866712121
1470 0.022328915704093722
1591 0.029230908134914718
1550 0.012527393627418285
1639 0.022321963742097817
1598 0.049645545993118795
1201 0.01601994801630694
1225 0.009217139547634232
1830 0.0031067967778705716
1525 0.015841056699444002
538 0.015306235337084013
1453 0.0069027239620762255
1889 0.004770739773869903
1499 0.00461736583540812
1293 0.012061172796289175
1006 0.04975364883490873
1056 0.01860024079278544
1865 0.002344876559829063
1303 0.014022135579106696
1128 0.029552345166187377
1001 0.007623473928087017
1514 0.00696211310515362
1413 0.02394990136719128
1523 0.013572309730493082
1729 0.028392457993547955
1451 0.00924287220669524
1103 0.0015842128361576219
1653 0.026086828534872198
1118 0.016462155947367725
983 0.01933997790120907
1275 0.016920055508999367
1482 0.012651379020172058
917 0.025604867127327572
1785 0.0026035608430115477
941 0.014267960654999285
1009 0.01821098864575247
1807 0.013480665076992993
1221 0.018372348524523734
1237 0.016127267862619993
1647 0.020011757310089445
1051 0.012555290504051573
1699 0.010525146618490742
1660 0.006205506118414913
1541 0.010035798098368704
936 0.013103424751669732
1320 0.02306227608784144
1365 0.009371973097326519
967 0.026229737952930036
1544 0.004600034767395499
1441 0.0035234497889381137
1351 0.0178226089321411
1155 0.010795756309706988
1315 0.015655043592530105
1553 0.008114196519647286
994 0.005463463026945445
1398 0.010322922222864336
1851 0.011707484242864096
1494 0.01033325218143328
1061 0.0033599321545360163
428 0.01185645090753423
1229 0.015784931532249104
1702 0.01096970578862368
1465 0.0024913075142572426
1812 0.015857897147722164
348 0.005494454781169305
1736 0.060212640686764914
1394 0.00017851819499039808
1240 0.0009441473116264217
1644 0.020783923006053032
1022 0.0006934271468885109
1178 0.004536637812225494
1751 0.02087467503690172
1810 0.038160438110909065
1461 0.0023592309343703887
1369 0.01441890880013582
1434 0.004457010577796508
1564 0.005557176958912186
1659 0.025912341223809646
1000 0.004285056103683513
1474 0.0008535433407201798
1723 0.01257747507664656
981 0.020907416232133286
933 0.007568689291181018
1318 0.01341213349995036
1773 0.006261100761740259
1032 0.02905627359378667
1512 0.011976379340952529
920 0.0033549367372487228
1635 0.011635250925129303
1521 0.001579353743218127
903 0.01647382868146856
995 0.018614240813699407
1239 0.0010331877795112002
1258 0.012066627763342939
1457 0.021779922429859273
1226 0.008149154223052714
1125 0.044008022734166395
1130 0.01957327996948921
1909 0.009820136954398524
1545 0.00913743992749704
1878 0.01093614931942174
1052 0.015619159771919335
1136 0.011437413243816023
1464 0.007548560101246222
1850 0.0087310358151308
1781 0.004760977212674944
1580 0.02944752039309524
913 0.00915561486252661
1567 0.010462225635097225
1121 0.006393557105452303
1885 0.00707143168401183
1867 0.04353503632614957
1154 0.0011352760384717975
651 0.013501259947297294
972 0.0048725132314472565
1388 0.02752513320734561
1811 0.018476767717353106
1650 0.0044086533516465715
1818 0.007991933549426622
1656 0.00544169571465367
1852 0.005184323525058771
1585 0.006143374531097922
1822 0.004803997778358426
1286 0.005216037697278812
1392 0.011955674905816997
1358 0.021259983356559466
1475 0.02542553082946388
1280 0.025026284948118847
1321 0.006684919073118425
1283 0.0076256609891635465
1861 0.0296072953692155
1772 0.018094825664381923
1255 0.04736752161344206
1278 0.009460347144828136
1578 0.01296572212841469
1316 0.011601084257658708
919 0.008745283275472693
1179 0.016944436142464925
1141 0.00458133200386072
1401 0.0022860508353099236
1561 0.006350418309093157
1891 0.02415109038742998
1696 0.0023456531721053183
1062 0.004259222779678933
1480 0.029270583617574758
1309 0.016458582234188085
1409 0.026784924403084876
1015 0.014334423933164605
984 0.013655578017991256
1863 0.01112555653140378
1077 0.003540960368397112
1803 0.010645583811925641
1507 0.010348132607098607
1592 0.0066528141908812925
1327 0.013063041823090246
1556 0.005544558368087564
1847 0.005737951699921388
977 0.008172073379018884
1306 0.006605919806193141
1421 0.0077933102637201945
1700 0.0029488218089399267
1825 0.0095293136996551
1110 0.018459049580237624
1624 0.008743332511032868
1463 0.001962390007093237
1405 0.008630911264145431
931 0.003927438344881165
1763 0.01053187863138767
1281 0.01444224893584036
1894 0.023443891583786923
1182 0.020118437514256605
1188 0.010085010748056886
1673 0.014614525899393058
1012 0.0063243973332952515
606 0.01731494149832843
1140 0.0021749597820821904
1450 0.004249291733022324
1728 0.01094424726073571
1234 0.0035992421761703855
1373 0.019376694300484193
1454 0.020526003238264916
1906 0.0036640386917102465
1577 0.0024212414950798684
1774 0.00997403565658753
922 0.008077428274551131
1778 0.008925457464485597
1171 0.005005407159122771
956 0.00402026243620115
1308 0.005780264703594771
1725 0.010479376337119393
1196 0.0075455543994704085
1666 0.006379849821678695
1780 0.003897426536108483
1633 0.006177539599434491
1429 0.00912979853689533
1165 0.005476404210308361
1860 0.00324872742752869
1104 0.038384123543462344
1035 0.00587170241244308
1161 0.004212274573415661
1217 0.012879062621392911
1640 0.002154184558279804
601 0.0038018286080496295
973 0.004238576824387527
1873 0.01706737665721585
580 0.023857060439396244
1748 0.0037028015160151043
1019 0.023075552269642467
1371 0.013501588339067653
1646 0.0034739092742868682
1908 0.0020129592473994208
1806 0.009803003605281272
1046 0.0010156307903783652
1586 0.0010003939718749371
976 0.007983396527858126
1595 0.012502183824928749
1892 0.0036116948501838447
1875 0.006351592258087893
1325 0.004662786949967985
928 0.0023305753248358757
1672 0.0060716161363957525
1030 0.0028804033592003883
1828 0.016205563019470397
1357 0.006938466317009003
1533 0.016289054994974992
1674 0.003957263679649385
1758 0.004919984743663677
363 0.018580152610729605
1311 0.006323243255976301
1259 0.013407464426100616
1745 0.0037043218644502197
1299 0.009082997799048247
1790 0.006551376062922502
1817 0.003702944692059215
1148 0.025027623544941934
1776 0.0014591658954254858
1808 0.0026574594164459737
910 0.0020911426586234572
1093 0.0010954968402022284
1440 0.0067071788371598365
1407 0.00863339763978866
1681 0.007362812432322736
1091 0.0027345863208865532
1704 0.006538485955926088
971 0.011848819137394342
1050 0.0040197892618452314
1203 0.0018920751297017454
948 0.01045659932276518
1862 0.021649105769450793
1526 0.0035698464757937813
1779 0.005288765985955269
912 0.0022872672833764507
1684 0.004024051552795332
1568 0.013553854762722979
1106 0.005102635874731454
1127 0.004725199798761574
1090 0.003286335100270612
1732 0.01750105521247119
1174 0.005885631637730323
1678 0.004226611700397964
1874 0.002593443766064308
1602 0.002485374315442752
1887 0.002967138379004898
1667 0.006847287816347038
1069 0.004432648007984751
1546 0.0006232039825790726
1197 0.0035649708925696924
1223 0.00485703531444253
1626 0.009128260058189775
970 0.004675767932649789
1775 0.000517117508029778
1082 0.02369801664656615
1458 0.007973287386361579
1152 0.003764054175124335
1058 0.0015778261386772015
1552 0.0008026226496139812
1481 0.004309616587315978
517 0.016576196317361208
420 0.0034829071792581282
1397 0.0038452302618152134
998 0.0020736283026088014
376 0.010716304157018977
1268 0.0013869516439938793
1254 0.0007843783816031452
1252 0.0004315643334234625
1301 0.0011484607176867297
961 0.0018798932540411582
900 0.0029187033793194195
1183 0.008257775329442944
1216 0.01662961693758894
1364 0.002937234102195669
1195 0.013435268856462667
1068 0.0059247256162336176
940 0.0033255600806463646
1170 0.006588250513075032
964 0.006236244810566324
1664 0.0015368008605486196
1477 0.0021168449031071816
1631 0.001612279351585422
1025 0.006823547605219726
1023 0.0012397523327139592
1073 0.0018683937923646826
1670 0.0019845405799261222
1403 0.0037325598487609147
1089 0.0026584505836685732
1869 0.002905592820612785
1883 0.003299223613821612
1137 0.011413713674222975
1698 0.006225293841999889
1007 0.00305268699252263
1274 0.008042452531918183
1265 0.009293188236516148
1654 0.0013065906238581015
1762 0.0006147632785645312
1038 0.00014431000215290994
1419 0.003725012622039541
1787 0.014469441491423584
1562 0.0025467491564663707
1045 0.0035663835058986205
1212 0.006443097388503208
1343 0.008677055935124594
1897 0.007856066471212229
1168 0.0009133925510425346
989 0.01074517991698432
1490 0.0015586955446846885
1241 0.0035911981352935106
1858 0.006608437085862953
1905 0.0036073613274026114
974 0.0029322162461207974
1829 0.003867581852252598
1143 0.0023758107831273498
1220 0.0011163463673081282
1244 0.0027498050056491592
1476 0.0008350909953904269
1088 0.004351723508982926
1247 0.006094743104756595
1422 0.0025931657001286674
1138 0.004927345760620942
1708 0.0021549787297550312
1501 0.0034540462386632343
1856 0.000598984555717306
1363 0.008112630645967858
1276 0.00016544011445900677
0 0.0004634017369579229
171 0.0035027247741320306
1657 0.002091142658623457
965 0.003593204736170313
1904 0.007308195162064443
1169 0.004202048453268722
1111 0.003591923125865811
1555 0.012259832951933272
1218 0.004408651635228642
1245 0.010422679309633002
1840 0.0023947153044972603
1193 0.0014376788561323817
1679 0.007698609389379413
1349 0.01231204321530634
1658 0.004163172625843941
1368 0.0037794005518511386
979 0.004281152538308131
1853 0.002618740157635151
1116 0.005904461025393845
986 0.0027217622815112227
389 0.0061950919687556736
1037 0.009416208737769733
1527 0.002757323746347521
1263 0.0007659473987492973
1164 0.007976486724349393
1747 0.006912021054992839
1013 0.002061623957493751
58 0.0010944893370095064
1300 0.009631142469291965
935 0.0011993906130347977
1151 0.0006456888595806726
1443 0.0018862238258522174
1384 0.002394951563915611
1788 0.004058178567672976
1031 0.0012169666187284922
1517 0.009920029854777697
414 0.004798649303225094
1087 0.0013349782493199357
990 0.0038614572769113723
1249 0.005124090372146415
1008 0.0008778659872142602
1162 0.0017277061098785482
943 0.002314347070091794
1313 0.011414627645324842
1095 0.005854292089408688
909 0.0037230669294000423
1575 0.00473082125030544
1848 0.014058733091828075
1208 0.0009662755511224634
1105 0.0009956439112258804
1053 0.0018136286587481798
1417 0.0005226424508808947
1910 0.007033763168253381
907 0.0012403619691899197
962 0.007211100401849082
937 0.0016795730496731102
1264 0.0006946888756356525
985 0.001643689142119181
1372 0.0011275344596061968
1084 0.0027758523195563446
1385 0.002813005263727148
1607 0.0018361953895404315
1855 0.0003919777405147298
1016 0.0036529052075921294
1641 0.002714946161731957
1896 0.0016858901997244722
1784 0.005310329686710662
1797 0.0008023433289864188
1253 0.0003097938388041166
1071 0.0005034357809521452
1455 0.00038641741756587636
1739 0.0019263880367948211
1642 0.003749229845995504
950 0.002396268185520026
1854 8.464395630832712e-05
1063 0.006152077147199308
1002 0.0013251112816553125
1055 0.0045752234015676825
1759 0.0013232903000100493
1701 0.0014017086224477069
1749 0.002794280778650795
1233 0.00013634486937855113
1594 0.004181006462694811
1150 0.003712428024017556
1726 0.003150679790506451
1711 0.0006662225351664376
1755 -4.667375219846215e-06
1651 0.0002785643698077808
1713 0.0006140811634648608
1354 0.0005445105182913544
969 0.008584605123962665
1792 0.0014250972162197547
1486 0.0017385975197024622
1387 0.0029555738569931067
1697 0.0011654481127602097
1362 0.00037371608119613164
1065 0.00014942319803318337
1498 0.0011676338611585437
1890 0.0010182420831472078
1157 0.001179259652048176
1506 0.0008402128092983475
1814 0.0027824952113665587
1133 0.0015877973456155403
987 0.0007660130946825007
1295 0.0006224944127919209
899 0.0006825092345459861
1442 0.0010523521288204258
649 0.0004394995030141504
1731 0.0023455752593880366
1034 0.0006231291377289126
1297 0.002124067706529531
945 0.0010525273176273946
1266 0.004148720014620905
1510 0.00035070773522849805
1094 0.0011723093342869866
1057 0.0014188983218696991
1326 -7.669358672754197e-06
1838 0.0011214798293316263
1176 8.033240892559433e-05
1395 0.00017214688911346485
1194 0.0012294599960988692
1693 0.00048686648315280387
1147 0.0006919409819171796
1353 0.0004011869827710864
1346 0.0006083076194650995
1627 0.0006403836544170042
1027 0.000609258229092373
1248 0.001488039533284177
904 0.000592338564997519
1224 0.000321902631204593
1270 0.00011538315681935289
1383 0.0011964038350583128
1690 0.0001545465499042516
1262 0.0002495649079357248
1558 0.00015680731944319433
1430 0.00021615618026259232
