953 0.3574561614715822
1323 0.26199359469344946
1789 0.3936589047194087
1707 0.42314852808266085
1175 0.40143707229371967
1059 0.39321964078102956
1329 0.36532375438033443
1559 0.38321502974289057
1804 0.381839622159581
1898 0.39669182850172696
1622 0.3577794063507454
1520 0.3511838050338493
1200 0.12762239354421562
1202 0.12364425978944923
1449 0.4001697386351069
1836 0.265401469205378
1156 0.2891526827478219
1605 0.3899929776249297
1149 0.3456961951443004
1173 0.3070308538104318
1180 0.29125794523578896
1549 0.23350447435787072
1412 0.2060977591829703
1638 0.2400460307060482
942 0.4070627172680095
1448 0.39533668129850347
1786 0.3903566578208196
1768 0.3502999010827314
1092 0.3040597326472824
927 0.27543951740125594
1791 0.3284960157547995
1287 0.2897567199296158
1516 0.43982634023569617
1044 0.3673250887918246
1235 0.4171140592584118
1100 0.45360991458292427
1279 0.43668720744947587
1366 0.2631979717200523
1472 0.26968342251200217
1374 0.40352689087215654
483 0.2692033954154233
1610 0.3987596598888226
1021 0.3952111471509081
1322 0.36026982640142313
923 0.06958062395517546
1505 0.21929670025204112
1761 0.3302971582270709
1566 0.22605729009471212
1211 0.38471069674564223
1835 0.3766980983962735
896 0.3775346893690723
1479 0.452464607097404
1215 0.3044034986776719
1199 0.38711000702312176
1539 0.3304440488902674
1153 0.41484255862945196
1796 0.3430617996287089
1355 0.381038745780603
1236 0.28201370831124806
1899 0.4089295927882604
1884 0.4005799579137725
1425 0.23116560336973274
475 0.39072130612988115
1298 0.37693351038479117
366 0.3140430699802673
930 0.300007935307987
1230 0.29419222999580535
1621 0.4120596640380849
1437 0.26043848572352446
1337 0.1934866570481285
1801 0.2919019722808049
1695 0.3320597089219531
1795 0.2994866852191567
1839 0.3893122759861645
1632 0.2871108531720395
1370 0.42181185209380334
1340 0.3842239770136072
1871 0.3740939920656713
954 0.3283446314487332
1718 0.24374934582236857
1846 0.24812732843058513
1582 0.4109813550884082
1438 0.435165875679417
1060 0.32903733793436485
1859 0.39106052976961175
1816 0.40015163300817697
1619 0.40895807827094227
1431 0.34502855082791795
1734 0.25367652675660884
944 0.31420076979931827
1428 0.31034841002055286
1097 0.5183617304706503
958 0.49388711192391727
1488 0.349219711379728
1471 0.41070232575324184
1613 0.4389827527981637
1250 0.3409718949784506
1833 0.452608073043097
1085 0.2975502068041336
1518 0.22097068881972054
1163 0.3518689801282398
1040 0.3628945423261104
1900 0.31777400341324774
1819 0.3501835351433902
1557 0.38331214647299217
1864 0.3266942981811176
1754 0.2058518987090277
1813 0.29051351725879576
1135 0.318902716454807
908 0.3284214491844892
1537 0.23950238601799212
1612 0.41354485185828355
1652 0.31074779470670977
1389 0.3032399081666532
1740 0.31363754399064064
1122 0.3882609093039906
1352 0.3414995691223352
1483 0.37411674701937286
959 0.27729972403238623
1569 0.22879554321869208
1903 0.4011233102608664
641 0.25388870890462406
1625 0.3662089595586468
1444 0.23200262206895295
1876 0.22355990986869334
1192 0.4070513591103809
1129 0.46681599082415853
1078 0.42663591389059435
1420 0.3269389512720694
1360 0.3790127206709077
1579 0.355417195205807
1794 0.2151340274757179
1334 0.30216467444857414
1716 0.2934160199890658
1765 0.37514029671448446
1703 0.28764770076512175
1686 0.2759033989602471
924 0.2599395369219301
1260 0.3115906846266166
1285 0.32732760803086564
916 0.39107379848800333
1714 0.31380221552758664
952 0.41814177529018065
1332 0.3550439292412268
1210 0.22742805762727786
1459 0.4038763839544352
1680 0.3706343618848446
1222 0.3507380429661747
1124 0.3089380895642852
1399 0.40937021800856216
1377 0.35020162307422115
975 0.4780235695633581
1256 0.33624264556483197
926 0.17095629063410928
1345 0.4686481559791951
1126 0.3706408364613401
1596 0.471269077098405
1432 0.3908200953640832
1414 0.12979778143069537
1752 0.3873567011892561
1344 0.3095754116157927
1402 0.36407550039589015
1101 0.3478329047572292
1837 0.5084141566847763
1424 0.28036426509373186
1730 0.32420408402985956
1074 0.26518073978906287
980 0.34295800417719974
1341 0.3616430746723077
1868 0.3966529762664689
1086 0.334513429117766
1391 0.36296356573182276
1771 0.22377822739988018
1685 0.20982983212005757
1039 0.22758433179947352
1081 0.30744732575918904
1003 0.3441070644571903
1823 0.4379120786113048
1191 0.26788447579736246
1721 0.38139791212054863
1584 0.34842868619714923
1832 0.3274885065910633
1083 0.41511749271910653
1317 0.3278395981108088
929 0.3990366583337625
946 0.34135768514473686
960 0.36565424353231435
1380 0.39164059959868436
1662 0.3842249028799421
1689 0.3174646601200717
932 0.2542442355225096
1238 0.3614261282705821
1608 0.3920532349891504
997 0.397932019346404
1530 0.41299472860916175
1583 0.43206579594294187
1099 0.4626621226637179
1291 0.4280032394190076
1741 0.33594997893645573
921 0.3727556339065162
1735 0.3917043623857919
1473 0.20846111565500308
1064 0.2813339588500469
1760 0.20240354760119958
1070 0.256321748828392
1132 0.40014789132803685
1367 0.3871942561559962
1251 0.40326096641722076
1307 0.4292180871635686
1724 0.28333000131616837
1302 0.41031805000734095
1014 0.35662156348602586
1108 0.40486215050057983
1528 0.29426522982450043
1336 0.35018684942357153
1547 0.4125225049490272
1573 0.3537663383175409
988 0.4260718369549933
1663 0.37364309100277615
1290 0.3059739159049262
1705 0.3728070486104152
1187 0.3646513044230274
1190 0.44579180245224725
1436 0.18281994778233498
1881 0.19285247860862675
1799 0.4196751519913002
1688 0.19447376917434944
1515 0.34775280231871697
898 0.3797954698504006
1328 0.34370288301085966
1511 0.3869494838773642
1587 0.44228797410083764
1331 0.39857708344519194
1423 0.3570178192108178
1872 0.3668164929247828
1842 0.36078461354028035
1782 0.3707755535481231
1213 0.2756001380899583
1005 0.3128791399334999
1502 0.3454735456111955
1636 0.4535523701736494
1750 0.3860324382938836
991 0.24564604847402638
1604 0.364066942438942
1497 0.19168262105128947
1376 0.3880492152699758
1166 0.344000821753503
1793 0.30468391262774874
1857 0.4622194033448501
1026 0.3040918923385984
1018 0.36388504245781855
1600 0.3432758127235739
526 0.23269702676355491
1117 0.39891828577015365
1054 0.3171699585150859
1540 0.1739601449993728
1643 0.37449670189377765
1184 0.38885631585257113
1551 0.3255002595907978
1004 0.37319109981729404
1849 0.3361352582252688
1746 0.3338950315265648
1305 0.3204284377190475
1114 0.27999390688273273
1487 0.24756482021209242
1687 0.320134659497014
1593 0.2610196204956597
1777 0.273145448905765
563 0.2622336841993979
1478 0.31736130244314
1743 0.241235793473216
1609 0.31918384672958794
1460 0.28979166592160893
1139 0.2830008074920764
1219 0.31080609858884134
1080 0.24393434156931304
353 0.2679780241710251
1542 0.3007344042217842
1717 0.33003844398705634
1675 0.3745955851955532
1347 0.3478527580524315
1820 0.40900527369437994
1508 0.325911052762227
1882 0.3370488214341881
914 0.28402539883882305
1041 0.3210176479088123
1496 0.28838340410959395
1228 0.24991093364124903
1024 0.27575260254222783
1390 0.3382376122721103
1648 0.48133062437004065
1232 0.4749290630726791
1342 0.23158529645493817
1886 0.343863337400089
1800 0.3369033521934435
1098 0.40031667006255245
1802 0.3337004672610974
1629 0.3835799221276838
1554 0.3515995390458706
947 0.34563561140966864
1028 0.3687119846156898
1757 0.43252778453228047
1243 0.33660977675362136
978 0.3353603379186477
993 0.4232913769462635
1753 0.34915863460061086
1361 0.36859232263054026
1783 0.2742017113552983
1469 0.24859029848911374
1172 0.3858041933243004
1011 0.2662367310440879
1072 0.27769745989125555
1242 0.38974851327129484
925 0.35394289223638936
897 0.23190582203476776
1207 0.33574893488981533
1809 0.4245766794923231
1435 0.2124289722854518
1492 0.22230474864563235
1509 0.3716071811455375
1079 0.33893266210487544
1181 0.36448962647680233
1615 0.35899507263043934
1433 0.36853782029873267
1617 0.2991679912137561
1589 0.41759769331684854
1467 0.3472502995770847
1404 0.3881218724281011
1522 0.2969966380144138
1489 0.3526831718108362
1495 0.3456561585462774
1669 0.3086440297202457
957 0.4246747778780571
1158 0.35834699189231123
1570 0.35860083828326106
1485 0.29732784103322446
1020 0.4150568199989006
1066 0.3944883531077694
1348 0.30899103787944415
1630 0.26986557531455274
1415 0.29234504200076106
949 0.3407124508388394
1815 0.32926263741966616
968 0.2392844010445711
999 0.281198878952107
996 0.23468184486344593
629 0.19118017447785157
1185 0.4036608866689836
1826 0.3627789745270672
1692 0.28807073502171265
566 0.33253355492280556
1447 0.32146663391467667
1067 0.38686442261767356
1532 0.328183329801349
1491 0.3863654264695267
1727 0.20742502264956506
1418 0.23351217720898063
1167 0.36055984562287297
1246 0.22006948781017205
1107 0.36703025129295974
1115 0.36236798325713554
1645 0.31995600272451735
1400 0.27872727456800783
1529 0.2041855853332533
596 0.1809935573920694
1408 0.2524888591433103
915 0.2647330750967908
1112 0.3476834973449007
1620 0.32752961023884797
1588 0.35562239684141067
1719 0.3075781370269436
1381 0.3391473067340053
1043 0.3036355797041316
955 0.42797496790994505
1682 0.39238063817652324
1524 0.29691736635340105
1888 0.3763293141436179
1907 0.3272896730095701
1766 0.2813475663976181
1870 0.2880417379605386
1231 0.41600135181949505
1571 0.2002840718822962
905 0.25909752737354474
1536 0.24247560040190264
1294 0.32033308162434937
1427 0.277300878467964
1123 0.27575309189720115
1637 0.2755338801656917
1676 0.36920804272612184
1144 0.4482694020538315
1597 0.3184445975100751
992 0.48374034378839254
963 0.48754736817978067
934 0.3531861038645108
1877 0.3630936583256492
1288 0.4274374765039793
1042 0.209772580523287
1538 0.2328964944365401
1706 0.33587795903840156
1393 0.2731058147228284
1189 0.2443395239331865
1668 0.40889096242499945
1146 0.43066849231028415
1535 0.3335700456067366
1296 0.23331504539037937
1109 0.3163549287141159
1033 0.4078333348227957
1186 0.41168980479377354
939 0.25425074364388744
1356 0.25631115965565987
1599 0.2627224797833357
1901 0.16417746481305606
1277 0.3841458211631467
1841 0.4159009846364264
1312 0.32233524772680466
1590 0.2653530600104737
1214 0.35242766612712434
1075 0.3131956734075346
1880 0.522553114633538
1378 0.5156763264479054
1446 0.3432038154423744
1131 0.29432976293448576
1304 0.26013577215417866
1821 0.2783544129336536
1683 0.3405765782797215
1513 0.3115320077856285
1603 0.4266572067907257
1623 0.3922634116307212
1142 0.30895518961324503
1844 0.3138628298089498
1456 0.4016175570865726
1824 0.3845324691746471
1273 0.25234505548526304
1120 0.4158166231178296
1462 0.43587526893811046
1284 0.35849871369185654
1379 0.5074964152790924
1576 0.47809379005212976
1076 0.37071957785990034
1359 0.35122495977280044
1160 0.3545826184206502
906 0.26250530178079085
1445 0.23119854889237143
951 0.2516931291260469
1661 0.36852100434584245
1382 0.4212985336796991
1282 0.40164699836144124
1324 0.36483092598104994
1691 0.43673729008929685
1606 0.32219755103785147
1113 0.3516830505888847
1416 0.37658823134577935
1335 0.4010604996058312
1159 0.27769754801752516
1738 0.24733197098467435
1047 0.2463919471817068
1902 0.3385905305013952
1375 0.3419762047607889
1611 0.40666024330002776
1272 0.36008182405938505
1715 0.40496684189907467
1616 0.3509282996900908
1048 0.316507962221449
1911 0.2930499752308518
1879 0.41820259801414805
1798 0.5082043182743854
902 0.45730843824380535
966 0.37501074567990905
982 0.25793446723433017
1209 0.3575725483399365
1257 0.4247989466932158
1767 0.2687717621691218
1338 0.2869224946061625
1712 0.3832161709314328
1500 0.3052324305481677
1634 0.29665465099451316
1029 0.25350166058785417
1205 0.37504745773169695
1722 0.3126514900800246
1333 0.5097404497809552
1468 0.5115745705506282
1410 0.3925196874555816
1866 0.36809339271873653
1655 0.2996422515699486
1895 0.5025218517739369
1601 0.542409042860889
1764 0.31391293283087224
1519 0.17506384677433773
1267 0.38187414592687763
1628 0.45793909213224115
1292 0.46582890947749206
1339 0.34003422925198923
1827 0.3085966174371789
1805 0.27843500412766115
1618 0.2501056649069686
1271 0.38289200670291224
1330 0.36796154563931305
1744 0.285963393305655
1845 0.22099634079031344
1572 0.3288459412698056
1406 0.34850969055642594
1261 0.39622002301631987
484 0.30836420508365503
1710 0.22862444663546216
938 0.4333693933474146
1314 0.4264171643530455
1310 0.3460343705792331
1563 0.39561509678978085
1543 0.3001331372192995
1177 0.3387416889436662
1694 0.26326492637691207
1831 0.20263874314511715
1565 0.33084237310868414
1671 0.17577417501480055
1010 0.22096850949404942
1289 0.2731405522758842
1720 0.3059572833822661
1102 0.4331843667323379
1893 0.35156071878218625
1677 0.35856786961220716
1665 0.3749924380314207
1426 0.4297646163767776
1017 0.3453396356842537
1504 0.297351954453494
1319 0.42170165987332314
1770 0.25556019305461153
1484 0.2685087776296425
1269 0.41184218716865845
1531 0.1661587698954008
1614 0.33456102578112584
1769 0.29106593744857273
901 0.5466788723096421
1548 0.5099378754015023
1709 0.27281681398499075
1204 0.3694835735723358
1439 0.3018144766810832
1737 0.40246250457862803
1198 0.368680562739104
1350 0.3248747008146544
1036 0.43985474404819597
1574 0.3146449078268881
1493 0.4790191792013968
1733 0.5107819633449371
637 0.21249341201873745
1503 0.3605528784754628
1134 0.26599385847263546
1227 0.4315130907482492
1843 0.22319998060107002
1396 0.47983666043392853
1756 0.3401476769632816
1742 0.3465252602255579
1649 0.3213833254280431
1049 0.3360573623585901
1534 0.3667253615777486
1452 0.4929202643599525
1411 0.23320673624225924
1470 0.32982998340047015
1591 0.32153998948406187
1550 0.3500898651554191
1639 0.2997520845367421
1598 0.38024810782877655
1201 0.2906074780501996
1225 0.3286386997328895
1830 0.21416185788787806
1525 0.29249379691473393
538 0.3596965304214743
1453 0.26434876210321545
1889 0.3523532090129628
1499 0.4340323885283633
1293 0.26534580151836185
1006 0.36486009145599735
1056 0.30051014030843975
1865 0.3463717661233216
1303 0.3084869827403473
1128 0.31502190620451287
1001 0.20743873793794673
1514 0.21173014560967185
1413 0.4197321697233184
1523 0.20637894501955656
1729 0.37161774133327324
1451 0.3185709953907626
1103 0.23401086751242586
1653 0.3695038452747651
1118 0.5006432132228891
983 0.32782847786639635
1275 0.3124167392197383
1482 0.2725317897262064
917 0.2052359117027652
1785 0.09283041074737725
941 0.27835983617489174
1009 0.33625289749478665
1807 0.2787801537922151
1221 0.27138583391939347
1237 0.28263720288049277
1647 0.4222889195639283
1051 0.2884926751375406
1699 0.2654390635004738
1660 0.27897797071482694
1541 0.3242817260535388
936 0.37635947758962507
1320 0.3785141821401277
1365 0.23635658982038102
967 0.2558636702200911
1544 0.33974542496335325
1441 0.24288313878413398
1351 0.27922087327021056
1155 0.25370027327811423
1315 0.3764491877831658
1553 0.2330577555920915
994 0.21727772191775346
1398 0.2482302692660866
1851 0.29525704163710914
1494 0.4273833102240804
1061 0.38601887197669343
428 0.2990139082534242
1229 0.35481780879012115
1702 0.25778808603265646
1465 0.2341829063401808
1812 0.3813271081568539
348 0.3341921319840624
1736 0.4016765836781608
1394 0.18458781362007162
1240 0.16270805337028668
1644 0.3160378880626299
1022 0.23900122329424012
1178 0.3909069581534301
1751 0.4404982446562526
1810 0.3906722079869304
1461 0.3484921123055688
1369 0.28671445575654686
1434 0.3291820669601135
1564 0.38307473170101336
1659 0.3307822324125824
1000 0.29538320074725016
1474 0.2941879381015553
1723 0.270939775609428
981 0.4699623561744743
933 0.32608436362838217
1318 0.3467036509737168
1773 0.29427173580179217
1032 0.38518188328173614
1512 0.37525988601651256
920 0.28908371552626494
1635 0.3645711956540515
1521 0.32661035409750866
903 0.5161799653526816
995 0.29610961540561825
1239 0.13353952050182263
1258 0.3043144660316244
1457 0.369187537581549
1226 0.24783016078342665
1125 0.3922784095442074
1130 0.31136571520695144
1909 0.25385054027120185
1545 0.22495506869123666
1878 0.3325875998906494
1052 0.26048727748652567
1136 0.36957141544080524
1464 0.31220844578754375
1850 0.3224246797444731
1781 0.1969140175162357
1580 0.37132604983488393
913 0.22016059925238407
1567 0.33806066583407907
1121 0.2874320890016383
1885 0.27080964300993454
1867 0.3689772750921202
1154 0.14673442797247982
651 0.27373142716677257
972 0.25190893406582315
1388 0.34290346670355853
1811 0.30814480354424373
1650 0.22792737828012774
1818 0.28495376862438365
1656 0.24463971169356066
1852 0.2552662154719414
1585 0.33432890869238163
1822 0.4515757911656921
1286 0.24515377177210415
1392 0.3433935514615215
1358 0.2892476682984538
1475 0.37028167433331904
1280 0.3450290484847318
1321 0.2880085967335188
1283 0.25435269234822927
1861 0.31238717767111046
1772 0.3118341622828485
1255 0.39819526299430147
1278 0.27948568422149406
1578 0.3830444765937368
1316 0.386952294271584
919 0.32295081810138443
1179 0.39819424934792574
1141 0.2786527818818815
1401 0.21488877851913282
1561 0.27359718881676354
1891 0.35674610658003714
1696 0.22049139817789995
1062 0.20971601686609606
1480 0.3289759071801337
1309 0.4051946197654876
1409 0.2637677317408549
1015 0.4234798384826344
984 0.34438701635616975
1863 0.23966303028065641
1077 0.2615252157801867
1803 0.4586472358971297
1507 0.29722136432610996
1592 0.286625411390469
1327 0.2813996926057357
1556 0.2388780563584392
1847 0.23732168230874862
977 0.337996954956221
1306 0.2732208431841483
1421 0.3503601222907253
1700 0.19056760940274275
1825 0.3519039416229776
1110 0.27661822124587976
1624 0.2659001710708231
1463 0.22545680748160077
1405 0.29747874157087917
931 0.29006937490050894
1763 0.35128911305983385
1281 0.3733321349914733
1894 0.3909836112521884
1182 0.3200379136883282
1188 0.33638390688680064
1673 0.3874723020505749
1012 0.21094925298797712
606 0.2521640775953746
1140 0.2811135518341231
1450 0.31384054656750593
1728 0.3650436021806685
1234 0.2658297435828699
1373 0.2782708598152869
1454 0.41615465388952794
1906 0.180410286058495
1577 0.2275967005375076
1774 0.2644398171515771
922 0.2880020977891679
1778 0.24943035184535428
1171 0.2587795501266473
956 0.4618834843368877
1308 0.31456808965878913
1725 0.21671350265162906
1196 0.3120841299620961
1666 0.3141316531245605
1780 0.21210205464927218
1633 0.29034436117342105
1429 0.2551408564094533
1165 0.2265040781383538
1860 0.2099490100040416
1104 0.3674924420735191
1035 0.2428536117786458
1161 0.24197177271732181
1217 0.2894989293591363
1640 0.3182038333230453
601 0.28079219862309407
973 0.25780520214215896
1873 0.4411916865890297
580 0.39787420152154385
1748 0.3190580639633015
1019 0.4185986148563212
1371 0.38779562062766537
1646 0.2112954229183895
1908 0.23126665131233345
1806 0.3269776041245431
1046 0.5250811186256148
1586 0.5172036834593425
976 0.35890573955675226
1595 0.3401910019730612
1892 0.33949931591728144
1875 0.2432424590689956
1325 0.2836071591921704
928 0.30122686073503696
1672 0.2615854618763837
1030 0.29783370734132014
1828 0.30466458476604347
1357 0.23914580572624364
1533 0.49537890778835714
1674 0.17049211019822766
1758 0.26775074868148646
363 0.36945918845181563
1311 0.2842710228991085
1259 0.30137648296930514
1745 0.2127927115467515
1299 0.3130606574738629
1790 0.18308440132599638
1817 0.2734889151135163
1148 0.4043525428979681
1776 0.3771943839674881
1808 0.21137023358501053
910 0.5405603772541637
1093 0.14159296659613801
1440 0.25686010806012116
1407 0.24797036554281876
1681 0.3172145022925712
1091 0.14881906609456297
1704 0.2816997699344823
971 0.3712629996383561
1050 0.41564620967479693
1203 0.2794865263016578
948 0.2922195594524107
1862 0.4223617993511721
1526 0.17577244076051285
1779 0.2604087633084642
912 0.2956292963764063
1684 0.2972049503993124
1568 0.5005244937376986
1106 0.20292790363355093
1127 0.24429282959597334
1090 0.2831725411399844
1732 0.3850232146743662
1174 0.3579848890243032
1678 0.2570774410712644
1874 0.22346840450920788
1602 0.2336251856516187
1887 0.3068021083891065
1667 0.2723113693116476
1069 0.22916790201281162
1546 0.3221964589933805
1197 0.26329856449407585
1223 0.23915116738731315
1626 0.2621839138935619
970 0.34533886016856297
1775 0.07638564332897005
1082 0.43756695022409636
1458 0.2576368486718085
1152 0.24325200106741016
1058 0.2719120378987044
1552 0.13831863661680943
1481 0.27850897195529506
517 0.3985996974918951
420 0.2770250787194542
1397 0.2650645393811287
998 0.2680164581121876
376 0.34627057807367567
1268 0.1434107999889671
1254 0.16220944931553044
1252 0.22311876037993011
1301 0.23750167641761571
961 0.1619841353898798
900 0.25149494118469
1183 0.25874362698921227
1216 0.4912863975276276
1364 0.2761000056063929
1195 0.28941808328296664
1068 0.12762846431636585
940 0.21491432021177131
1170 0.19463574372913092
964 0.2579310853650232
1664 0.31781041796145454
1477 0.2736022037266032
1631 0.2083871061924158
1025 0.25198386513561416
1023 0.16023798900327924
1073 0.21465768681167574
1670 0.20520149596436105
1403 0.48243336045234825
1089 0.21144906950102343
1869 0.21459878403668714
1883 0.20067042451126746
1137 0.4214921406838056
1698 0.3576085462571047
1007 0.21043189001789328
1274 0.34649566325014175
1265 0.3203052212185899
1654 0.22516911751154614
1762 0.21188841001190842
1038 0.037304135556527215
1419 0.2265684147758168
1787 0.404362229787351
1562 0.29259318086513636
1045 0.33524004955447034
1212 0.26648650798849266
1343 0.2492243288033008
1897 0.23209064946381272
1168 0.18888957955559615
989 0.3267798833576996
1490 0.201461399150496
1241 0.1954367827312363
1858 0.24404014095651047
1905 0.37300116125343
974 0.30319115984889045
1829 0.26660530901527907
1143 0.18896833459643692
1220 0.14428776797457557
1244 0.25848167053102095
1476 0.21587102230842536
1088 0.34612939294525735
1247 0.2739984508834052
1422 0.2062564103025417
1138 0.3919135012678503
1708 0.24758311184074472
1501 0.21008728298692847
1856 0.20645001020389817
1363 0.41942300439653823
1276 0.171065078350613
0 0.23957869800724615
171 0.36218174164525196
1657 0.5405603772541636
965 0.24769157981334025
1904 0.26057495853705637
1169 0.24138433892665878
1111 0.4642560640181561
1555 0.3728431550676177
1218 0.45585457908264154
1245 0.2763346257989878
1840 0.2751261805389074
1193 0.18581999215511033
1679 0.3061677734083966
1349 0.31050372401528675
1658 0.23915113861792417
1368 0.4342111300682308
979 0.4918568582900675
1853 0.2461615748177042
1116 0.2180433107234727
986 0.28143021990826045
389 0.22877589627476308
1037 0.27045443985705286
1527 0.259188432156667
1263 0.15839792206135467
1164 0.3172187412683566
1747 0.34033475099345695
1013 0.1937926520044126
58 0.37723399148927655
1300 0.33195337710826306
935 0.2066949823129968
1151 0.13352845616128312
1443 0.2437944294913991
1384 0.22512544700806744
1788 0.4662396265526508
1031 0.41944782792175367
1517 0.2930660248525754
414 0.3101127112209217
1087 0.23006125163280225
990 0.362976984029669
1249 0.37845067462852805
1008 0.12967334725422072
1162 0.255206873944917
943 0.21754862458862864
1313 0.357658332886845
1095 0.263188609584721
909 0.34996829136360397
1575 0.25745627225346446
1848 0.4153351433414351
1208 0.49956445993031356
1105 0.3431652680691868
1053 0.2678988618779454
1417 0.13510307355271128
1910 0.24243037053246655
907 0.10687785634519809
962 0.2867799159812289
937 0.2894464222269993
1264 0.17957707435181616
985 0.2832624288252055
1372 0.19431177187213458
1084 0.2050165213158043
1385 0.20776053162099078
1607 0.47465650819620153
1855 0.08106099673844612
1016 0.4721379980812827
1641 0.21594264086391105
1896 0.21790130831438803
1784 0.34318005600367657
1797 0.20740575054298926
1253 0.1601634146617283
1071 0.26027629875225905
1455 0.09988890244077904
1739 0.1532219407727573
1642 0.29820797390456544
950 0.27530458931418966
1854 0.08752185082281023
1063 0.30291656048590876
1002 0.456721688410531
1055 0.36390623055546023
1759 0.2736564340420782
1701 0.24156111926848814
1749 0.24077386042707682
1233 0.14098059493742188
1594 0.28821071216176236
1150 0.29528081360262715
1726 0.27148357528197253
1711 0.17221852534052412
1755 -0.004826065977320986
1651 0.09601185279374845
1713 0.21165330767422205
1354 0.1407559689783151
969 0.286338119296045
1792 0.29471010431424527
1486 0.4494274588430865
1387 0.38200792101635905
1697 0.17215333551343667
1362 0.19321121397840005
1065 0.1545035867663116
1498 0.24146668248758685
1890 0.21057246279484257
1157 0.3048386200544535
1506 0.12411143497349876
1814 0.31967778317255796
1133 0.32835649107329373
987 0.15841150798034115
1295 0.16091480570671154
899 0.35285727426027486
1442 0.27203302530008006
649 0.15148082870554383
1731 0.34647497402960425
1034 0.32215776420584785
1297 0.43925720171030697
945 0.362771082142242
1266 0.357481374593168
1510 0.12087726607542233
1094 0.12121678516527441
1057 0.3667852162033172
1326 -0.00793011686762784
1838 0.2319220287057803
1176 0.08306371082906454
1395 0.17799988334332265
1194 0.42375387865541025
1693 0.2517099717899996
1147 0.17886674382559092
1353 0.20741367009265166
1346 0.15724751963172823
1627 0.3310783493335912
1027 0.3149865044407568
1248 0.2198046967736913
904 0.30623903810371733
1224 0.3328473206655491
1270 0.11930618415121089
1383 0.4123605218167652
1690 0.15980113260099615
1262 0.2580501148055394
1558 0.16213876830426294
1430 0.22350549039152046
