4038 0.3316771621511262
4014 0.29821149983889267
4032 0.5
4027 0.31893710708390244
4019 0.32802490727581723
4026 0.40558143001188535
4023 0.294918020779196
4003 0.23094108707736727
4018 0.3004995250479741
3997 0.40470386836803857
4031 0.29625274747949365
4021 0.3744255302156949
3998 0.3635538204890677
4013 0.1611141179332122
4004 0.31542383385558564
4030 0.26863202855969404
3988 0.3510023593368432
3982 0.32844823384835414
4002 0.2928164612892479
4037 0.1999576196766368
4020 0.3009718020984972
3995 0.3870118871901761
3993 0.3096031843678261
3986 0.39656022084258613
4017 0.36203849256840254
3983 0.40311288741492746
3994 0.3560744121670046
3999 0.39642098390446345
4005 0.42769413511597765
4009 0.4423971626584195
3991 0.29659083386491414
3989 0.31659800875159844
4011 0.3423941492465523
3992 0.22349487857914918
3981 0.3586995784452247
4000 0.3909484376437494
3985 0.40805939134447344
594 0.38131909645462847
3996 0.2006553312263413
4029 0.15416370314837752
4001 0.15416370314837752
4025 0.4873451700110987
4016 0.5005261144126334
4034 0.33820154184295315
3990 0.4194060727422881
4036 0.3796283011826483
4033 0.14698498862901038
4007 0.4785417371932547
4028 0.18768929838238704
4012 0.08552631578947369
3987 0.08552631578947369
4006 0.25
