236 0.028621015460040394
186 0.037697668597533415
122 0.06244014934241806
285 0.04031899744212864
24 0.02129226308950274
346 0.02936503481149862
271 0.07284336026564026
304 0.04038981679218098
176 0.011178045664925959
9 0.05400610587813709
130 0.01070787826869441
329 0.02338271999508214
204 0.024397321821118593
213 0.026903349020714448
252 0.05423725214324066
332 0.03295431654720609
82 0.02942426524416751
65 0.009140510756502882
276 0.015450160863163332
26 0.06855867545280749
280 0.0441452802633131
272 0.03622964447989907
211 0.029541705912985806
199 0.04793218462242307
84 0.008509403972259797
133 0.014784519323124199
62 0.022866114088051382
239 0.057405653479843735
172 0.031910848759876126
322 0.05636443051276839
53 0.028021822103219938
3 0.013979040901632926
170 0.041392893493284295
175 0.017915982872731183
46 0.0051332349277513015
56 0.06760064786862244
254 0.023828556146022733
194 0.026872695378346818
231 0.013701831266870891
117 0.0034376937275184313
127 0.02015613419262746
135 0.01226907620482066
103 0.009871119633157083
188 0.04823055336908661
23 0.010423854864868933
116 0.02038403294839444
73 0.005084685291179716
299 0.026282508165122096
288 0.001994265970333446
315 0.03350841955915841
119 0.0457105046521646
323 0.02980939400848341
48 0.016503899370842515
57 0.014201123913651857
200 0.047346600748536465
98 0.050321421997299214
313 0.036553221461844275
63 0.0029732149087750605
344 0.006127960769840971
67 0.07019582826956956
118 0.03792881024047343
325 0.04194420791310214
277 0.05825195343751917
134 0.015322547737301923
270 0.0015016629565375195
76 0.0012421756074055975
36 0.014067716405553956
223 0.02396540955093573
274 0.01055050727746491
88 0.01821787816758882
21 0.046009248291519096
339 0.012476675781596815
108 0.015111449650313689
197 0.020214999845278907
169 0.03380343537566894
275 0.01692275182591533
273 0.012873615164169683
83 0.007356619697950084
28 0.014777278099806983
312 0.027435271122165955
242 0.02737375715225835
214 0.0181975011845957
20 0.01691333676376148
307 0.0020357858900213284
71 0.0014113634369137642
333 0.006854588082868137
207 0.0010573922362077642
168 0.009867133209396738
308 0.01860414987411782
341 0.009182231480858765
128 0.025109813193487266
334 0.023083844157290707
238 0.021576034350535397
265 0.026950064261223372
141 0.025122369634656628
78 0.014092548590082434
345 0.013511990643996918
317 0.004481754210736285
158 0.015206556587145929
38 0.003798354824923231
302 0.02837128886208124
27 0.0025256432078505546
54 0.004502682068082689
139 0.009291524053645703
109 0.032343528196920324
291 0.028304851484142392
142 0.0447401334763536
203 0.05105539251326899
105 0.009277739309356752
232 0.022357637733665486
64 0.006382498532114135
217 0.004753472306844777
248 0.014452050210487146
126 0.005257609148685938
224 0.023308895671768384
261 0.03876567378619203
283 0.0020772529021849113
144 0.015487643325518536
226 0.016347645909168405
290 0.012373800966780545
25 0.05429526991780586
342 0.03590596021217076
146 0.005632446020217478
300 0.0037490213185527306
94 0.027507020554588105
1 0.01430265589903691
184 0.015393757452361755
159 0.01292436705424475
149 0.01770571246356437
13 0.0350648927532886
59 0.01683626132563135
17 0.014102911997294382
326 0.023997677469859337
80 0.021047185219339598
187 0.024245604152349682
161 0.016825021225658862
66 0.011792632131639372
31 0.018682773497350005
136 0.015488774750540021
7 0.015127152228931122
255 0.0005492454075504424
49 0.0011951291734180526
320 0.020642604609808504
85 0.012668398569644175
246 0.009984437675601886
123 0.016924207319693324
284 0.02018532324234019
140 0.010802284053964389
137 0.016830780437181718
343 0.019841932512463096
115 0.024717518589814032
297 0.02090518772933091
185 0.02293232892735669
104 0.03277191154366303
324 0.009438494412739851
171 0.007318459924474797
111 0.013662559092667212
14 0.018920975011547124
310 0.013307812552753812
32 0.007013952718397851
30 0.01189653326270254
222 0.0070301918740282455
92 0.030699812836948413
72 0.020290328597576648
40 0.03510856883360722
125 0.0013437730050557396
266 0.024278988550642085
212 0.01434949021046493
278 0.013056756622921826
340 0.0026136267327118543
237 0.006732181999009205
311 0.005407332569154907
309 0.011863676883230269
330 0.018641174849226123
230 0.006515902403501448
70 0.0005990203670017187
16 0.004725590069959563
249 0.03246173736034076
39 0.01139977902310859
251 0.016337914401272333
10 0.007055794115516727
55 0.014077432599766836
228 0.0008450897230075548
69 0.0061982583219644055
113 0.04268579967317532
258 0.011091189031078091
257 0.012409255971379964
196 0.012672012925373745
156 0.008064360242598136
303 0.020511145170671857
286 0.000257582700433266
81 0.001161645549365941
174 0.003743048360986937
293 0.0022739866390541074
33 0.0010609854427938473
42 0.0010609854427938473
347 0.005628412815601563
2 0.00877333627769958
281 0.018835142303660492
263 0.007762681872255763
279 0.0010024044264543754
51 0.004513040401917497
338 0.0048170219372615335
162 0.007678447573983859
19 0.01141364589290537
75 0.011297643742016639
218 0.015338159127738444
268 0.00972399110156102
314 0.010117449898185459
5 0.008899594246407879
178 0.008019382306373907
192 0.002395946805683878
243 0.006976988166609086
195 0.015372101805992711
181 0.01692275182591533
8 0.008665946048508559
245 0.0023182300562604933
129 0.00583685090881417
328 0.01436782864938658
331 0.010310593558461095
150 0.007826590361288813
101 0.02932271188133964
99 0.013846690949688852
296 0.00845139977020152
102 0.006308775965569743
318 0.008262396601667972
163 0.003026139579176159
173 0.002092532152148208
165 0.007173749578106522
121 0.007946534587367493
306 0.01649026758189469
177 0.015028693882340816
180 0.029859146617108173
87 0.01033622389012875
189 0.006149765601053331
60 0.004554902815717237
259 0.005660600620500695
45 0.011088211995645247
58 0.0034215651637201886
269 0.0035267285727155935
167 0.007408635220316003
227 0.017202945379996837
96 0.004695080348641764
91 0.006922316607042727
143 0.014155707901026259
61 0.0007947223828906084
93 0.008665157562717072
41 0.025766662756057736
235 0.002930870996221954
6 0.006962591029779385
89 0.008065380759322645
107 0.002495013340222989
79 0.009227091401918287
208 0.004120786345489534
132 0.009822788374448133
221 0.005028136987150659
301 0.0009222847167910559
250 0.0028542396754616577
106 0.005597135696148662
29 0.005566037043662766
337 0.01167645098991142
100 0.006650478943058732
110 0.005079634481944506
264 0.005079634481944506
225 0.013320376454495209
86 0.005226933541111206
152 0.0029045291730174666
148 0.008562535063303971
295 0.007076143291481328
201 0.0018923150570355205
289 0.0023515763006964406
260 0.003615118146324474
160 0.000574161189461614
321 0.001694520700566429
68 0.011670746191515894
131 0.007335249044354771
22 0.008780398410233313
298 0.007514621773896365
262 0.0022604928455696146
220 0.002445121795679159
234 0.0008062325891783255
44 0.004978866904669499
50 0.006257537630081694
193 0.0024943054571310726
97 0.001759084201934767
124 0.0014587612534534369
112 0.0023517076727226915
90 0.0008590469555667792
179 0.0019455544623906654
216 0.0009942068765598174
151 0.00740833411641172
145 0.0010865075068238865
157 0.0011989907169348804
4 0.015959591258882515
327 0.003135704868150858
95 0.006552264892408638
120 0.0016020712165751303
247 0.0010369473110123893
190 0.002959568824069999
282 0.0006033009583169984
244 0.0006033009583169984
319 0.008658664734621561
233 0.0010708531835292403
256 0.0010708531835292403
166 0.0016971820925884055
202 0.002392665195748195
155 0.0013694781122702631
191 0.0021094731367897177
147 0.007233263947424743
206 0.0012033729134006742
229 0.003460904754310293
138 0.000390386595079451
164 0.000928348038980903
240 0.0008403185842434692
77 0.0029282380367547166
219 0.005211342028191507
305 0.0012232065301656572
153 0.0009431946673846402
154 0.000297371614622561
198 0.000228232902485936
182 0.0009351241842127557
336 0.001128424136622442
241 0.00024454785051300303
294 0.001520578144788218
253 0.0012808424420964882
267 0.0005933984660952773
316 0.00030372892820228626
205 0.0008728354522747047
47 0.0009513074052344263
183 0.0007100270156320706
52 0.0005270542089801554
34 0.00034371957304003326
35 0.0010706433284921114
