186 84 62 142 252 169 280 257 297 303 105 276 272 88 271 13 69 133 30 121 21 26 304 122 224 314 315 213 67 318 322 141 25 1 200 248
236 88 213 341 272 25 109 55 199 223 178 345 9 277 325 67 59 123 203 45 104 62 285 200 170 21 128 221 252 239 322 188 323 142 222 56 26 98 331 303 122 113 271
285 322 345 323 200 5 248 141 274 276 284 98 224 142 3 128 119 45 26 56 239 280 123 136 31 169 156 203 261 25 55 303 304 213 252 332 104 272 236 170 325 342 161 344 235 188 271 62 21 186 109 277 176 113 297 315 251 9 66 232 67 281
122 103 232 146 246 188 136 200 271 60 213 98 170 323 208 119 315 313 345 272 142 221 186 164 117 277 303 203 185 196 211 304 9 109 25 252 56 342 261 10 67 322 113 26 239 332
346 302 53 80 187 249 299 92 266 180 194 94 101 57 242
24 53 1 92 272 184 194 94 204 299 320 196 101 127 300 187 130 249 254 302 80 57 242 180 330 266
304 169 82 252 188 185 277 98 261 30 232 203 285 133 79 59 21 103 172 332 142 119 25 113 223 128 85 276 322 236 40 26 141 331 272 170 67 161 200 199 176 298 313 239 211 297 325 265 109 122 9 224 315 342 13 118 280 323 268 314 290 148 291 48 318 104 238 212 72 186 56 63
271 199 30 168 249 325 158 212 322 21 324 308 172 170 188 161 9 272 280 224 203 109 257 69 334 136 98 141 26 75 134 122 56 67 285 236 239 40 200 118 341 113 332 66 277 252 211 7 347 84 13 246 31 315
9 170 85 128 290 25 239 119 26 271 148 122 188
176 128 105 252 203 322 323 258 75 26 276 186 231 304 21 341 67 30 272 56 142 334 297 85 199 280 161 200 119 156 66 188 224 170 342 295 113 79 232 285 72 169 134 25 329 315 277 148 271 69 185 141 3 122 133 291
329 48 300 322 204 73 88 25 257 346 53 62 191 213 277
130 324 291 332 184 269 119 272 150 197 54 106 30 40 204 315 322 16 27 308 202 9 320 172 178 284 280 72 231
213 196 5 94 346 130 92 242 53 194 249 266 57 330 329 101 80 254 180 302 277
204 186 57 249 7 340 285 40 315 291 87 178 246 345 272 324 96 53 224 128 67 122 277 161 308 30 5 332 236 136 231 322 80 130 239 242 56 303
332 334 291 271 9 26 248 338 236 239 72 56 109 134 250 113 119 161 325 29 200 13 172 65 280 25 103 59 123 322 67 82 265 186 128 315 199 297 122 313 212 324 79 98 277 308 66 272 31 285 223 118 188 304 104 345 142 169 21 261 55 342 238 170
252 203 248 13 104 98 40 38 25 329 119 67 291 280 158 56 271 331 21 277 324 53 224 208 200 77 16 169 170 122 231 323 109 10 304 26 213 172 142 48 106 285
65 271 169 231 211 238 203 331 158 118 56 84 148 13 252 119 314 170 199 59 261 121 172 268 313 123 98 325 67 16 29 222 318
82 314 261 203 252 7 118 297 25 339 13
26 25 239 122 9 62 98 236 271 200 322 224 56 232 141 133 84
276 277 56 297 252 134 3 334 109 257 21 158 9 199 313 118 265 203 72 308 232 248 128 122 176 69 113 239 161 271 169 104 188 325 315 55 67 119 304 40 298 200 123 295 98 79 236 280 141 291 170 133 322 186 332 62 172 224 185 13 212 285 223 66 25 142 323
272 1 291 3 236 141 98 188 121 332 231 304 290 257 40 252 297 9 122 119 67 185 105 315 25 153 142 239 200 26 21 277 322 232 329 271 133 323 117 169 31 39
280 186 159 203 346 21 105 329 108 304 56 291 211 67 9 197 236 285 297 213 257 185 271 98 277 72 148 320 25 122 40 281 127 252 75 156 258 239 79 188 184 178 141 85
199 325 239 98 82 203 331 118 172 56 272 128 13 342 222 238 261 103 285 29 315 271 223 304 59 313 268 170 265
211 304 222 40 265 118 212 261 119 186 314 98 26 203 313 315 238 200 141 325 239 172 56 128 9 223 113 134 25 291 324 252 271 82 161 62 322 67 232 342 298 231 72 288 48 13
236 224 51 82 237 25 83 265 304 276 313 31
62 188 271 96 40 1 141 315 236 232 276 26 183 224 280 322 9
133 236 239 200 161 323 276 56 67 142 186 322 170 223 141 199 341 26 122 318 130 98 261 224 96
172 344 62 238 141 223 252 211 21 56 276 118 295 212 234 323 176 325 203 313 232 59 322 199 122 26 188 119 55 109 265 67 169 186 261 280 60 13 25 304 271 123 66 113 40 277 338 200 170 272 213 72 104 231 303 285 98 142
239 342 308 232 141 98 313 331 277 304 238 13 159 252 271 211 223 199 325 29 212 118 261 113 231 72 82 103 265 329 26 332 16 128 203 56 40 298 59 268
53 207 122 9 25 304 104 290 142 48 203 45 136 56 128 60 1 130 161 126 85 239 323 341 185 118 303 297 246 271 315 30 109 252 221 62 88 308 21 276 158 178 186 257 75 7 242 329 250 339 67 345 170 224 87 26 260 199 188 280 232 213 236 277 38 285 40 342 133 200 169
322 346 299 24 1 48 196 94 260 266 254 248 242 204 191 54 317 332 330 213 101 249 130 180 302 146 315 194 88 92
170 283 85 228 280 200 26 25 72 142 122 188 323 67 274 9
3 176 56 223 274 142 119 290 304 285 200 21 250 188 315 124 128 55 342 268 203 186 260 277 271 82 313 62 9 332 185 122 85 322 26 98 75 67 239 25 323 341 334 211 252
46 278 263 19 143 321 99 23 68 177 277 86 296 225 102 227
175 177 278 143
170 67 134 109 26 104 88 141 265 185 128 21 297 238 239 30 252 103 132 59 55 232 161 322 75 331 66 290 207 119 169 62 332 272 221 342 136 211 203 122 72 188 199 9 82 334 298 60 212 341 222 313 277 231 142 304 315 40 118 276 200 291 186 303 323 325 285 63 25 13 172 223 98 213 261 113 271
194 302 187 101 53 249 330 94 204 266 299 346 242 180 196 92
254 242 299 196 92 346 80 1 266 302 24 101 180 204 249 94 187 53
117 82 315 178 232 9 280 25 40 29 106 56 332 172 213 199 291 77 329 239
231 285 77 38 280
135 197 284 36 159 320 21 281 108 346 251 139 309 272 184
127 36 309 281 197 184 251 284 320
285 56 271 339 323 169 185 252 136 211 98 25 7 172 200
133 119 271 285 274 200 13 104 304 315 280 170 323 25 67 85 165 3 208 56 291 297 239 30 26 342 156 258 341 9 186 277 79 334 21 75 290 122 252 322 142 224 223 113 176 272 185
116 83 230 227 61 144 175 245 190 240 99 267 51 237 155 124
23 14 149 326 312 17 214 140 226 115 41 144 343 28 162 2
299 126 1 88 331 48 30 130 25
73 53 101 194 48 346 24 94 187 1 180 92 249 80 254 330 300 242 302
315 25 199
288 345 1 231 303 80 285 158 213 188 185 249 170 257 199 291 87 133 313 94 246 203 322 323 98 128 26 121 169 280 5 302 40 324 252 132 329 56 223 105 211 136 9 236 271 339 277 67 53 142 122 224 21 7 304
323 188 339 48 170 109 171 342 54 39 199 285 332 329 252 318 185 313 56 148 113 217 67 176 25 122 271 125 239 208 269 21 324 280 128 82 9 26 64 325 248 132 13 50 1 189 150 331 27 163 229 203 98 277 297 100 79 105 146 261 200
119 122 25 142 85 9 248 141 62 96 285 290 200 239 188 103 322 100 67 3 297 315 341 308 186 75 332 258 56 274 21 280 271 170 277 10 109 26
57 119 320 53 80 126 130 322 299 30 88 54 1 73 203 180 330 332 271 199 302
48 242 92 213 249 302 80 277 184 204 24 108 346 320
98 123 109 277 55 62 285 188 122 40 3 39 30 170 232 224 323 75 203 72 252 118 67 199 104 45 31 276 186 297 325 248 9 113 332 25 271 26 280 223 304 56 165 185 239 103 324 79 334 274 142 236 10 21 322 119
200 21 332 271 265 172 211 223 331 285 199 280 148 325 203 104 122 123 113 13 342 276 261 313 315 128 59 272 304 277 141 26 103 252 170 25 186 82 119 118 258 62 291 67 109 56 238 239
63 265 146 21 54 203 172 222 26 119 128 199 239 285 315 60 261 98 56 13 170 342 339 118 113 271 252 314 82 67 325 211 39 84 223 238
313 261 342 56 271
239 185 212 257 104 67 122 311
56 141 345 212 342 69 142 196 55 45 297 109 104 332 136 203 123 290 188 119 9 75 186 200 248 272 62 265 156 113 323 252 224 325 239 66 271 134 26 280 128 3 13 213 344 277 72 304 21 322 79 25 303 261 185 10 313 158 170 199 223 82 169 236 308 324 285 334 315 118 98 161 31 40 122
325 109 134 199 261 283 13 239 161 324 26 268 211 331 200 29 322 82 222 172 342 203 313 65 56 277 304 252 98 271 16 67 265 238 59
118 109 261 304 104 211 21 161 98 252 222 239 13 186 265 199 277 172 59 26 200 67 311 203 119 113 268 223 122 40 158 271 56 82 342 25 313 238
26 308 31 271 200 248 39 13 105 161 172 324 50 57 186 175 142 332 325 21 55 22 120 285 334 170 272 98 56 159 25 342 67 188 213 169 291 339 118 208 294 132 252 113 40 280 9 239 311 304 119 204 10 315 322 122 109 323 290 104 168 203 130 134
56 118 21 26 252 132 66 67 199 142 304 203 9 238 113 334 277 248
76 203 25
270 25
135 251 309 320 127 284 197 108 184 281
170 239 203 98 186 261 21 172 271 13 199 265 342 62 200 325 315 246 252 211 67 188 128 56 26 313
170 21 188 122 341 96 185 75 40 323 85 3 200
21 186 56 126 73 48 178 236 164 1 106 130 322 80 303 25 336 242 53
88 98 274 212 134 313 55 66 56 304 203 169 284 239 272 325 26 170 297 184 108 271 235 223 161 342 9 334 332 142 127 105 277 308 232 119 248 136 186 322 121 251 109 236 281 67 165 104 39 345 188 280 197 122 40 159 13 323 31 25 123 252 200 315
119 168 38 136 340 161 103 31 22 334 246 129 87 158 148 313 322 277 146 152 315 260 7 65 291 347
197 284 21 281 272 251 36 127 320 184 159 57
108 139 127 135 251 36 320 272 284 329 281 21 309 159 184
271 82 136 185 236 21 40 25 257 10 248 56 334 103 106 318 26 315 239 125 291 104 122 332 165 277 5 142 9 109 128 113 121 67 252 280 322
273 218 328 195 78 181 306 152 4
275 78 328 218 181 195 4 306
23 25 31 51 84 237
312 310 144 115 151 226 326 14 140 41 116 149
28 137 243 149 326 19 111 115 262 14 44 226 116 305 220 20 17 2 140 343 214 162 151 41 144
57 194 92 330 266 249 53 204 180 158 80 322 101 24 254 132 299 302 346 94 213 88 187
20 326 116 137 19 41 111 140 14 115 289 333 312 17 230 343
214 333 149 14 2 44 115 226 41 111 312 162 326 343
71 230 40
307 230
20 2 149 343 214 226 162
322 56
339 304 31 347 129 7 22 291 158 277
277 161 31 142 172 304 26 21 246 203 338 7 322 323 87 136 329 22 213 252 334 67 66
186 274 9 322 323 56 188 304 203 62 170
9 176 56 150 104 265 322 313 26 122 170 211 271 199 98 315 119 186 67 252 213 248 169 334 172 223 203
252 26 113 123 169 21 339 132 40 56 9 165 277 304 142 188 203 229 308 50 128 67 200 170 134 318 66
265 239 342 222 56 82 172 13 199 203 211 324 59 134 261 106 325 98 271 313 252 118
238 313 199 40 311 98 56 203 128 26 298 325 67 331 239 223 252 342 172 271 84 13 261 248 118 211
67 56 239 224 72 172 122 323 280 257 38 258 39 133 291 199 271 25 304 98 40 62 26 276 236 9 272
273 218 275 328 306 181 195 4
122 315 159 67 142 186 285 213 178 261 303 21 322 252 45
158 132 53 40 101 146
317 304 40 26 315 142 25 332 232 82 339 109 242 132 22 322 291 113 325 67 168 248 5 60
339 332 178 248 141 7 322 117
24 266 254 57 94 249 194 187 330 101 315 346 53 242 204 299 92 48 180
54 329 119 324
27 313 119 48 53 1 329
197 159 320 281 184 251 127 284
118 325 56 119 200 186 331 26 67 252 303 324 148 239 304 158 322 142 21 203 229 104 332 285 169 295 271 31 314 122 50 13 277 98 297 323
252 329 10 280 25 224 332 72 31 213 315 272 141 188 258 7 208 60 129 199 169 158 87 168 277 56 26 232 113 98 248 271 231 339 9
170 236 161 66 308 345 323 67 10 322 113 158 3 122 271 31 21 277 62 285 104 9 303 109 280 134 56 334 186 45 169 297 40 123 188 252 332 203 315 200 26 239
332 9 270 25 223 313 271 265 272 21 59 161 322 55 65 98 211 297 67 82 199 200 26 239 331 56 186 338 304 238 315 48 170 268 308 325 261 285 118 122 342 104 109 50 134 334 113 29 341 119 172 142 40 128 324 277
9 277 272 236 21 280 257 315 69 148 25 39 119
285 172 271 200 224 25 56 212 40 298 26 231 158 239 72 21 9 276 133 291 322 280 199 122
217 171 150 119 189 100
64 324 189 119 100 171 150
332 277 252 122 323 38 169 26 53 67 21 200 119 311 128 291 158 265 236 134
73 48 88 260 322 1
261 84 141 232 291 200 122 304 332 96 67 213 9 276 236 40 148 322 25 133 271 26 188 30 315 62 324
224 63 16 271 325 113 199 268 118 65 13 223 98 318 123 313 59 297 203 239 172 314 122 211 342 345 82 67 55 285 238 62 148 252 265 119 56
3 118 25 228
226 326 28 14 23 343 151 17 116 41 115 149 140 312
144 343 149 115 14 2 28 20 312 41 116 326 333
25 170 322 185 176 323 56 67 280 342 188 271 277
290 83 94 323 203 276 288 322 186 332 291 3 169 232 158 176 188 231 76 119 257 104 271 148 252 69 72 141 297 199 130 280 113 277 200 88 185 122 239 336 103 67 272 51 283 84 40 9 285 39 224 98 79 31 73 325 105 237 65 170 56 331 270 21 221 236 26 246
172 59 67 119 238 123 314 21 113 13 56 98 170 211 63 188 118 223 313 9 203 165 261 277 122 265 290 285 325 271 199 322 252
285 313 50 339 136 148 53 317 119
94 130 80 346 320 299
300 25 330 302 204 346 53 299 80 320 315 92 24 254 180 101 187 249 266 242 194
346 315 280 53 92 73 194 322 133 48 299 54 88 119 126 236
159 284 346 329 21 135 139 320 281 108 36 57 309 127 272 197 251
184 139 345 272 284 281 172 127 277 108 320 21 197
20 343 326 162 312 226 115 116 333 2 14 28 144
332 277 188 261 118 172 252 238 325 342 98 211 236 148 82 223 313 119 67 239 21 271 56 26 109 265 304 59 65 199
342 203 271 56 250 239 268 186 252 261 325 98 82 238 211 172 13 118
326 310 140 116 144 41 111 19 312 137 214 115
17 149 144 343 312 140 214 162 28 116 115 226 20 41 137 14 2 111
187 330 320 24 48 57 315 101 266 180 194 94 300 242 92 88 204 299 346 249 213 173
80 24 254 302 249 101 92 299 180 5 346 94 266 194 242
142 308 62 339 277 203 325 56 118 252 87 21 304 322 26 258 9 271 213 199 122 39 314 67
142 21 113 56 134 67 9 239 252 304 122 26 308 334
308 277 237 168 51 291 339 83 142 338 200 129 122 7 252 25 109 21 280 67 304 84
7 339 125 169 285 156 87 322 67 324 56 21 103 304 122 308 120 315 146 213 246
136 246 213 129 22 340 38 168 291 308 65 322 103 31 347 304 339 87 315
49
255 192 241
48 80 139 36 346 127 184 309 197 94 108 300 272 159 281 135 329 251 284 57
3 176 323 156 188 322 271 9 170 274 258 75 272
7 285 213 339 315 322 308 87 223 340 136 304 25
200 342 334 67 98 104 186 261 252 122 318 26 239 142 82 21 55
108 184 159 21 122 251 127 36 281 197 135 329 320 139 309
137 326 17 115 116 214 28 41 312 144
140 312 115 167 111 289 41 310 214 93 17 32 243 337 326
115 149 111 2 226 326 162 144 44 333 19 116 41 312 214 14 20
343 2 19 137 28 149 312 226 14 140 262 20 41 116 220 326 214 192 144 17
26 185 56 67 21 203 236 188 322 280 272 9 323 25 200 261 65 252 142 324 271 119 122 109
271 169 56 297 344 290 55 315 119 274 103 322 22 272 280 285 25 170 67 200 26 9 79 148 188
56 332 325 303 322 113 128 318 188 67 45 295 98 123 25 344 186 200 142 26 169 203 122 109 21 252 55 271 212 277 239
329 304 217 331 301 277 118 109 136 22 332 150 119 213 199 315 252 238 297 200 340 67 203 27 224
119 107 150 64 189 217 58
343 279 337 137 312 310 44 20 17 214 41 93 326
20 116 144 115 226 312 151 28 41 214 149 326 343 310
32 17 28 111 137 151 93 167 41 337 243 14
310 167 337 137 93
304 303 271 56 200 48 9 178 188 322 73 236 329 331 213 224
199 238 313 325 118 211 56 186 82 240
346 57 242 1 194 180 24 187 204 94 80 299 196 330 266 254 249 101 302 53
40 141 252 165 291 3 200 26 113 232 56 25 272 67 9 172 298 212 199 132 329 239 271
72 199 265 332 158 200 169 213 133 232 298 280 231 334 271 77 274 315 26 329 56 141 304 29 212 224 272 325 142 25 277 317 307 239 21 132 257 258 203 322 172 113 67
136 119 169
302 249 80 330 194 53 24 196 242 101 204 254 180 94 187 92 346
67 21 199 304 344 232 239 172 56 295 40 252 72 26 104 271 298
175 177 86 143 225 46 99 131 227
339 213 7 324 246
31 51 84 23 25 83
265 325 248 132 277 344
135 36 320 281 127 184 197 251 284
80 94 266 242 249 196 302 254 53 204 48 101 92 299 346
70 23 41 97 307 71 253 214
230
261 329 332 331 29 172 82 118
304 196 57 213 266 180 302 24 315 187 254 330 242 194 204 299 53 346 101 94 80 92 163
277 119 200 141 121 21 161 25 257 165 105 313 69 280
36 281 197 284 108 135 21 127 139 320 309 122 184
291 142 169 332 67 285 277 200 323
21 200 186 67 56 185 203 170 277 239 26 122 261 252 104 123
3 283
67 26 25 236 304 105 9 121 39
261 104 142 66 252 334 132 342 119 98 72 50 148 271 26 67 199 200 25 313 165 9 325 172 158 277 239 203 304 121 169 188 291 134 122 285 40 56 186
257 9 141 291 161 188 323 272 295 98 40 85 156 75
258 26 169 344 236 141 315 280 25 304 272 105 130 322 295 39 40
249 204 67 194 53 266 346 330 285 92 180 254
136 85 295 67 188 9 122 272 5 258 235
30 104 315 45 236 109 322 221 142 285 88 132 178 122 345 67 56 186 213 239
81
286 269
293 112 19
174 19
42
33
168 129 7 304 22 339
115 333 343 20 226 149 312 116 326
135 139 159 251 108 284 184 127 309 21 320 272 197 36 122
175 99 68 102 227 296
111
84 31 237 83 25 23
252 29 203 31 308 239
149 343 326 20 312 116 333
175 115 312 293 112 138 174 214 343 17 289 319 227 89 41
9 56 200 67 274 304 322 323 188 272 170 85 258
78 275 328 181 273 195 4 306
261 118 59 170 203 325 82 271 211 172
65 199 342 50 82 261 96 236 313 161 109 271
122 204 235 180 187 315 169 87 316 213 156 158
38 231 186 213 88 30 345 206 322 303 329 272
49 205 115 52
312 41 216 167 337 310 137
181 306 4 275 218 328 273 78
195 152 218 275 273 328 78 306 4
245 259 91 264 201 110 193
8 23 91 259
7 168 339 347 31 291
273 306 275 218 4 78 181 195
172 109 98 324 56 82 211 73 118 203 332 265 271 16 50 30 119 186 25
128 100 171 163 329 324 64 189 119 217
299 80 254 187 194 346 266 302 53 24 330 204 94 242 249 317 180 92
296 131 175 68 102 23 278 263 225 177 227 143
99 102 175 227 263 68
296 99 227 263 175
104 119 261 169 123 62 236 271 334 82
173 150 100 119 249
163 80 34 166 202
121 72 188 334 342 113 169 21 200 39
165 280 206 315 236 21 39 82 113 169 69
328 195 4 275 78 273 218 181
46 143 68 227 278 175 131 225 99 86
249 92 80 24 194 5 48 187 242 299 94 196 53 266 204 254 101 346 302
136 161 213 315 339 246 22 308 291 5 322 7
217 100 64 150 119 171
285 322 313 56 291 239 158
8 201 110 91 193 245 264
67 221 322 104 303 122 186 200 132 142 345
269 107 171
58 329 119 100 81
137 93 243 32 310 337
23 225 177 143 68 131 86 102 296 263 278 99 19 175
323 133 274 190 213 224 314 62
8 193 264 110 245 259 201
177 175 131 278 227 68 225 46 99 35 321
23 193
167 310 337 137 32 111 41
243 230 137 226 20 115 17 116 214 144 14 310 151 337 111 140 343 28 326 44 312 93 19
5 21 122 156
89 147 319 219 95
6 319 327 95 219 19 147
171 58
271 188 26 9 67 252 25 200 119 272 185
285 188 119 332 291 277
56 134 113 317 334 158 45 303 119 315 277 311 242 40 72
45 56 303 285 322 186 25
324 47
59 252 170 322
29 169 329 88 231 238 332
106 252 338 247 118 172 231 211 40 16 203 82
111 41 310 32 167 93 243 137
150 323 189 217 269 163 64 119
264 91 259 8
110 91 8 259
86 227 278 68 177 143 99 175 131
225 278 175 227 177
181 4 275 339
98 119 109 50 113 25 82 13 229 339 272 176 224 146 105 9 261 271 185
239 104 156 212 26 9 257 109 258
259 8 91
137 214 19
160 53 126 170 322 339 206
260
175 143
177 175 225 227 99 143 263 296
99 143 177 227 278 225
7 339 324 277 185 168 87 158 308 347
232 40 265 56 26 271 72 199 172 212
220 312 115
262 115 312
239
20 343 312 111 41
277 314 148 113 146 203 119 331 334 109
91 259 61 8
230 182
170 157 23
174 19
179
90 145
243
28 14 144 310 41 312
179
124 155
152 328 195 306 275 218 273 78 181
95 89 319
327 319 147 89 6
247 277 136
120 29
96 23 229
244
282
89 95 219 147 6 19 327
256
233
202 198 173
166 329 173
157 23
53 130
95 6 319 219 89
121 178 260
148 334 109 119 190
19
285 88
23 222
40 332 117 294 231
319 154 147 6 89
312
280
219
166
97 253
25 88
49
277 77
182 230
23
5
192
301
133
192
173
143
