2849 0.3495330362470749
3021 0.3797385543746205
2694 0.3142190721276329
3096 0.4326081606454318
2818 0.2645662542378767
2725 0.28738790594907165
2951 0.3158491500231682
3285 0.3334111810628434
3082 0.3192123371929467
2832 0.24207739729180483
2960 0.38473805261647986
2800 0.3378115676507776
2929 0.3776630113435841
3029 0.4626490342104189
2909 0.3474187092606294
2880 0.3409009266409815
2754 0.36079965704929234
2872 0.405208225580394
3232 0.3543276209337604
3184 0.26659033196423276
2948 0.3416389862266474
3277 0.3929764024828611
3297 0.4525059883551316
2925 0.34398723612454984
3397 0.33260797524787944
2939 0.3866797152093555
3185 0.3271229498989258
3115 0.34397359652731374
2927 0.3859536165571246
3426 0.3356572745904208
3333 0.3191571969218126
3394 0.256957805701968
3087 0.2920964866567358
3236 0.3851890512204779
3327 0.2125805064202281
2675 0.2966136342135473
2863 0.28406517595285924
3296 0.22463155424206277
3293 0.356472654637057
3384 0.41907522739412223
3005 0.28879745275045565
3039 0.30032093130792514
3428 0.21459437226282457
3139 0.26668495250066815
3198 0.3241731068855974
3417 0.3226938398681582
2944 0.4234929566529609
2738 0.371802072093496
3399 0.31938766591155865
2777 0.43739450706100874
2894 0.3840782924497897
3320 0.35627228594293575
2793 0.31936045203696123
2787 0.22449655536986224
3377 0.3324723079868541
2778 0.32265360080114475
3101 0.3691406143918865
3214 0.24625875636787575
3090 0.3503079694390921
2729 0.391220245284664
3085 0.3874504475522966
2966 0.4115050789219275
3033 0.3946398448721706
2919 0.3132881682917481
2893 0.2921560353641742
2771 0.4192957656541853
2749 0.3145616915151601
2986 0.3654540064182965
2829 0.41761769050080155
2711 0.3295999378330186
2755 0.4616853937461736
3149 0.3999687680656694
2887 0.40304092007745806
3247 0.4174411538477137
3347 0.31852336962633854
3065 0.4009868431874466
3286 0.3229534136021722
3419 0.39749084521092437
3319 0.2245074237902992
3046 0.3175415180052595
2773 0.40583378489823935
2666 0.38239769119795436
2706 0.42044636812460257
2940 0.3594651455809899
2852 0.2879160744354724
3226 0.3671468051542935
3316 0.40836688330591747
3050 0.19651677391733002
2667 0.19279731058273977
3117 0.21791404190066924
3173 0.19060248190031934
2913 0.32598128483656447
2676 0.38763916905511747
2878 0.08287865472036662
3249 0.25401779245208506
2897 0.37666699340143917
3119 0.18673181064996078
3204 0.25009164256460553
3351 0.3872856232671795
2801 0.2953144063529587
3256 0.32344691074528975
3191 0.28827477851063055
3203 0.2821033254231279
2846 0.25157789261150393
3321 0.35408958504667487
3124 0.29086737035205706
2803 0.25089657316902647
3280 0.32000483927180895
3132 0.4201071263919665
3207 0.36857354122685093
3042 0.268353600761804
2963 0.20523864491607122
2987 0.34592194519064184
2946 0.27074618530391437
3335 0.28797444908498404
2697 0.3617922325157989
3292 0.24169971552036706
3026 0.4361141177785677
2786 0.3871283893311459
3170 0.22866852192290887
2875 0.31289631928405026
3047 0.3971847319512226
3108 0.42400644186895026
2750 0.38207006567808943
2908 0.3031353160238599
3412 0.310158070460197
3056 0.4085276173542717
3025 0.35568256581545743
2679 0.39062334646149266
2756 0.3774408678815183
3098 0.39445699186808614
2906 0.34327805838410275
3120 0.4187482837810688
2916 0.3890705031054555
2680 0.3770653307013983
2742 0.33812760739213843
3350 0.31964768832458407
2716 0.30402187549719684
3051 0.31270720126612916
3240 0.3175374632930096
3331 0.21329151958066828
1405 0.26077695906259246
2905 0.3638651210612686
3145 0.34715702451995073
3045 0.32570975292461535
2789 0.32594722018498656
3182 0.4022100488701785
3434 0.37614864774242307
3420 0.30583129735990044
2730 0.28918903645868066
3106 0.36290124647592187
3307 0.24130898392862132
2847 0.25957449560525986
3396 0.3739043687367754
2936 0.30539667596358205
3361 0.25982993406856836
2764 0.35116335554021555
3018 0.30455250946068624
3248 0.33987313377158107
2856 0.11625261252368724
3156 0.34356843742500187
2843 0.3399117231365145
2945 0.3853950422687157
3257 0.38741857831479143
3263 0.2642303322458344
3057 0.30494865408135574
2888 0.3549973828352047
3287 0.344842167033822
2840 0.29658246209869144
2731 0.42243929164829713
2821 0.31303778936665244
2985 0.4027840745450724
2698 0.3856972377124571
3360 0.2932026000403681
2989 0.3629028074488675
2683 0.36189769550536466
3301 0.29768191369011815
2907 0.3404100053536717
2928 0.3613661521188361
3385 0.2980889341089063
2795 0.17689332419682421
3239 0.45898618564874666
2661 0.3869459521029227
2910 0.3624226116093027
3233 0.308483649922238
3244 0.3179285098047511
3391 0.39668390632943223
3049 0.369098587040401
3392 0.28123918550633964
3193 0.3590883992031978
3054 0.34794076477507985
2690 0.2158757446529543
2844 0.22968493592361514
3252 0.3865305536559498
3355 0.3779031653319498
2718 0.24071815391170417
3136 0.21156277693458628
3152 0.378157625368182
3366 0.3320225583057738
3346 0.31847457212832236
2904 0.26843491380581314
3150 0.34874513066936913
3102 0.41092260394463276
3169 0.39957417102288434
3178 0.29577784539720464
3208 0.2589301693934272
3267 0.37135106209110547
3116 0.3827220012763176
3386 0.3053079917001761
2665 0.2606562701895245
3332 0.41280160562930507
3243 0.3167702904148854
2886 0.44122099355192324
2999 0.2945697972441421
2708 0.3924106778766445
3016 0.27343560886115825
3342 0.27490697261971825
3022 0.4187141474579971
3306 0.28413422679522043
3298 0.23403119963031688
3411 0.25125069949108325
2833 0.3479084992948679
2994 0.36028794675541986
3416 0.4277377009801055
3064 0.43447160720240485
2689 0.3412231436757316
3104 0.37813895626167626
3364 0.39368176692260887
3302 0.2710253633588629
3291 0.3060655563246194
2783 0.28724841466890055
2734 0.2094045810109651
2828 0.35313699676496063
3353 0.2985344111110094
3035 0.3738088733711544
3043 0.22736413596436852
2871 0.30210487747833237
2739 0.23636925200414166
3324 0.24420738051174554
3339 0.39064903783948796
3345 0.31030412047513123
3299 0.29936094236848504
2757 0.4434046028943949
3288 0.29723644865344784
3234 0.3387251918522243
2992 0.3584597954848849
2854 0.32374453356834987
2724 0.29122127885534993
3425 0.40334264024033856
3402 0.26859079426182914
2920 0.38043367999803995
3095 0.21590382865694233
2877 0.40014064726442805
3060 0.3856388009481852
2782 0.3786821561164879
3000 0.39038465971804653
3174 0.4500981561608042
3094 0.20394273342808575
2765 0.46799456783290044
2869 0.3038776865560249
2991 0.4293298872769728
3078 0.34484994344855807
2717 0.3773489101824666
3225 0.3056938312646867
3024 0.29853037657674214
3231 0.379786492324613
2943 0.40298593397240434
3009 0.2175570789225486
2901 0.2940135654379512
3107 0.11325851337469121
3343 0.2295489080863901
3253 0.26226285989137177
3086 0.3962533571779698
2688 0.24002910277962153
3068 0.33703419902262793
3415 0.2645606856816354
3406 0.2767659032496073
2794 0.337074554372951
3073 0.3196990613965709
3374 0.30577824733664755
2964 0.25928406305763263
2715 0.11654887223283268
2865 0.29472490363522047
2748 0.2921617863089182
3215 0.24397651094266345
2978 0.3298648231990831
3430 0.2437034771389049
3077 0.2403631166849854
2968 0.3198150160113455
3167 0.2709529802032328
3040 0.39868313075890827
2918 0.43863781376375705
2890 0.36933879786656487
2892 0.2935348919467003
3074 0.49783514850834454
3127 0.4736015551800228
3289 0.2635836185760658
2955 0.3440427150207229
2813 0.1352989848168475
2827 0.3910293699825386
3118 0.35281846387334026
3019 0.2834094187135279
3380 0.24245601821668297
2780 0.2758274925408205
3262 0.39768808315619414
2772 0.1524377450539967
2835 0.2962873413796109
2763 0.32177446814162414
2662 0.3147830461079565
3206 0.392842308908666
3176 0.35359841597366276
3201 0.3737627592691868
3114 0.3349965014782629
2726 0.32081907167453316
2953 0.36923538710003645
3330 0.34779244772213824
3137 0.21531797427166607
3328 0.25037609756687546
3144 0.2811101193154017
3369 0.3555034752370144
3079 0.29622036477671565
2719 0.33942748480913326
3403 0.26286851434045655
3044 0.17336125150871098
3273 0.2896623595301562
2728 0.3675935220715791
2864 0.3618490289672474
3387 0.40401874417779426
3237 0.36672228480511754
3014 0.385191747741982
3219 0.3380705545503245
3076 0.31652139452977346
2720 0.26237065479751415
3344 0.37023239757383425
3348 0.40256869671548623
2741 0.334796104687653
2839 0.43724688214534113
2810 0.36948937001447835
2911 0.38013037660249127
3414 0.33003265037381535
3259 0.31077696315209025
3189 0.30870824184968293
2745 0.2491130013597652
2853 0.3781217213306006
3158 0.38029275724090056
3123 0.4088192566583321
3295 0.30231002436960247
3001 0.26796487787446016
3075 0.2736426757472875
2921 0.31851032012250796
2820 0.3911067645350531
2896 0.33540357681321986
2988 0.36376242474051346
2873 0.3819805842119217
2702 0.317134767536915
2874 0.3696402214154932
3013 0.24655376332956752
2687 0.19662270447347222
3099 0.3084975317608874
3242 0.24264465936345134
3138 0.35739668484005055
3162 0.3193087499943018
2923 0.20965649787729665
2677 0.20437476718491035
3379 0.31987763276960757
2759 0.26250427601813364
3278 0.22654329009884983
1534 0.380587965418829
2851 0.2682096918849757
2938 0.2872217742796491
3113 0.3386067700662029
3378 0.35206815627924304
2866 0.3884633081356922
2760 0.24524518832709336
2790 0.18524447171167602
2867 0.33984498780910644
2834 0.33902225436064476
3423 0.519155447528001
2891 0.27118872620399587
2870 0.2768237895541963
3246 0.3511817459103189
2912 0.36501391220438373
2956 0.3521118233951781
3241 0.3285696661190442
3363 0.3879309074308644
3315 0.3691263879162443
3017 0.24722514616309207
3172 0.36686279411245193
3112 0.3036888445791753
2883 0.2686123240538671
2669 0.4311645675032499
2831 0.30659283744290455
3326 0.22624399784502713
2781 0.20598487674152763
3129 0.36406487613917826
3362 0.43363226849108133
3223 0.2719949915764858
2996 0.1821897921520372
3341 0.2504862719878218
2997 0.34959107482313684
2933 0.36654404553943204
2973 0.35589209563615243
3212 0.272976895985295
2950 0.30036977146123184
3111 0.29225415039493885
1758 0.2792515535455879
3218 0.5067592334003045
3053 0.44415257494641
2758 0.32962488778235066
2672 0.3482300692647084
3261 0.3375740200360227
3318 0.588606842665883
2700 0.21907969364561528
3100 0.31957797184694603
2815 0.39081091350707603
3266 0.37941415297576053
3398 0.36199100598345474
3435 0.3986858322873697
3222 0.27295587721144415
2751 0.23827567307014544
3192 0.2723291105135685
3422 0.26075097940263653
3069 0.3103167133697217
3258 0.4151686145893774
2937 0.3664551655691909
2733 0.2641553087202524
2696 0.33341099914562145
2830 0.3177630121502094
3154 0.31580502606296185
2753 0.317833279923443
2796 0.33597045818539856
2931 0.27392622887878715
2682 0.26183307228818103
3313 0.18429740164466563
3227 0.17617330215464289
2674 0.3798119187800511
3032 0.38374827316500254
3352 0.25403077105351696
3188 0.3277079428460556
3337 0.2462466254382054
3356 0.3526791407796215
1450 0.27163608588847366
3166 0.38449704844743643
3312 0.32051413885895763
3160 0.25815021789649994
1642 0.33390689419977154
2993 0.3780385364545941
2806 0.27324226253628625
3213 0.31816193405584053
2770 0.4256629019777529
2848 0.22624673559237946
3004 0.3821267617569235
3300 0.34405341901394
3059 0.31418960006156504
2969 0.3072049052155751
3135 0.3854373856616411
3146 0.3612763301948775
2862 0.40052745272592993
3070 0.40812508646686907
2915 0.37340970922832606
3180 0.5747214589600335
2732 0.6304510907155009
3365 0.2554497867061546
3400 0.36043435037002913
2819 0.22290690343450206
3309 0.4781426622518415
2879 0.5715088414568198
3418 0.25535270943035343
2967 0.30267863303483944
3092 0.26673195427621266
2673 0.32157164753284134
2785 0.18312023271543335
3027 0.25675046485734904
3171 0.20841977032569156
2841 0.2796413924472136
2962 0.27582552167033514
2934 0.3206607048247121
3023 0.357714878248627
3433 0.36579124380398226
3195 0.3685913108578452
2816 0.3061685710627887
3220 0.36831816536755285
2974 0.40593994408524736
3228 0.2906394223075371
2735 0.11052468969915097
2709 0.20586684490839027
3002 0.33107055362909504
2965 0.22278011351773208
3390 0.3120014561379748
3084 0.401738256654989
1505 0.2724487565873104
3245 0.23923242885947243
3010 0.26968501495822583
1666 0.32838839797754543
3080 0.3145518966966049
2712 0.29150739178547924
3373 0.268489929856284
3265 0.39516555599297637
3164 0.35979153638178935
3151 0.30514558837771943
3421 0.28850370381131407
3148 0.27660617858344594
3284 0.43688944082260134
3370 0.24803261889817801
3093 0.2747475633167377
3041 0.22234144728634167
107 0.28878894210415507
1726 0.2933818199213932
2681 0.30442658474080236
2746 0.2425181086584629
3142 0.3584712174333008
3008 0.637234815602866
2958 0.29994940730913827
3130 0.3899474466343577
3393 0.18975006876939915
2707 0.2169673710304766
3036 0.33960587576328805
3272 0.24568788514915096
2932 0.3816921958056151
3255 0.4031465258888132
2850 0.3091129903331397
3181 0.6493718659266021
3179 0.3874572461788457
3052 0.27627237545730243
3034 0.21344373347306103
3323 0.2885042032391037
3274 0.32026188708473535
3264 0.3671271278080291
3196 0.32015028889551816
2930 0.589322590156944
3011 0.3539618073493327
3097 0.20106803882108193
3177 0.29882776174761944
2941 0.3703633109825383
2664 0.3758769288715684
2855 0.17691687368743567
3072 0.31035106970273807
2959 0.5880632875681947
3325 0.5463171925109702
3254 0.2496219722432815
990 0.35349362750217883
3216 0.31615925021172964
3141 0.38752963467127965
3304 0.26807236815083757
3381 0.37028538550813267
2685 0.1393695020589462
3109 0.3165909298999234
2668 0.22546863066033923
3140 0.2747947609482049
2723 0.20920043465724775
2836 0.3236309587470635
3367 0.25718470962522805
2976 0.3388238711893125
2686 0.33029074832276833
3168 0.28914118005097666
3405 0.29594715818067224
2900 0.22199342477900513
3413 0.2860250523621513
3187 0.35560206158212115
3081 0.25104147397916443
3283 0.5850229139284301
3165 0.1871251680352066
2768 0.28949177853649694
2701 0.44313568495215583
2727 0.370137939808977
2982 0.6365281096765092
2693 0.33812404841347615
2984 0.27475928242693526
2980 0.22302970192568572
2699 0.593160093339583
2703 0.6231746391471505
3089 0.29275557003682606
2797 0.45446666970530986
2917 0.3047492161664389
3235 0.24906152671969953
3224 0.35037489617929046
2845 0.2700848043227483
3186 0.2974090045694479
2809 0.37915922142848096
3388 0.2741934322017092
3003 0.33028865228803744
171 0.353746862801154
2825 0.2337088438820106
2762 0.28428949759271116
3275 0.28618744399849333
2924 0.32259777136460893
3221 0.26518659039523934
2990 0.31425563130889084
3279 0.23403675227782073
3303 0.34250407750729883
3250 0.33530599278855405
3431 0.1954491715624689
3329 0.2530616160337172
3368 0.43920456595226176
3359 0.2378236945468318
3103 0.3455049148755854
3038 0.29899262800347726
3200 0.40672316877511827
3122 0.5067592334003045
3276 0.2521510575242636
3147 0.42446018258739265
2774 0.42865211456054525
2791 0.262998905940869
3083 0.44080169675551484
2983 0.424441752566724
3404 0.23020323922983263
2861 0.398795045177219
3354 0.5032325752221257
2949 0.35166188344011867
3194 0.2137882864261457
3311 0.48626121722016896
3382 0.6611347669263685
2737 0.2676515000952169
2775 0.28733399013543665
3055 0.4676354893761808
2817 0.3544118828462479
2881 0.2652214746779651
2977 0.43133222155920625
3062 0.3233874109465196
3395 0.30705143059449014
3260 0.2526839556461975
2957 0.25784891798360055
2914 0.2622812173896529
2889 0.5141154943057791
3349 0.21634093615480487
2979 0.17443499725974407
3209 0.3566566272534251
3371 0.3933376149896398
2961 0.1927018714242595
3294 0.23469159449171687
2882 0.30198540218435377
2823 0.45158779535185706
2752 0.17005241017626757
2705 0.3291428622792829
3429 0.20016642413361613
3157 0.19489000188215827
3199 0.277225634481436
3205 0.15410951659730013
3163 0.3184836594302736
3211 0.15019212717980657
2710 0.27490165814830586
2970 0.3951936093207547
2769 0.24243598063156213
3217 0.2746977849803951
2868 0.24031477882041355
3401 0.5183181548827429
3317 0.39859413032814067
2744 0.32594060977769784
3066 0.45036068694955245
3336 0.4647317732910334
3210 0.2343713213613612
3238 0.431542460954964
3161 0.25670816177637806
3058 0.2167844430540576
2684 0.446747928359535
2678 0.3537289331174155
2972 0.6276405355295991
2826 0.1650726167602274
1171 0.27507569947271304
3383 0.2859913230570367
3133 0.19398356525600977
3159 0.20669866327242462
3020 0.22702149795396767
2895 0.21840896651166541
2885 0.32443335638824355
3061 0.3312000510475093
2663 0.3242913769553921
3015 0.25514885691743905
2766 0.2314769695600657
3048 0.3947385097556578
3229 0.3245213871669919
2743 0.31228126355768693
2981 0.308948684479124
3007 0.30502004818384415
2779 0.43573843774463933
3202 0.26388510262236603
2859 0.22471725328493522
2671 0.5328073524407525
2721 0.5328073524407526
3357 0.06228835039280837
2784 0.21922871629336238
3121 0.1985137982058095
2808 0.2571749483750785
2837 0.38939266475376316
3030 0.28990884037459247
3334 0.28370575733183434
3110 0.1910822831124674
3410 0.3571596846015497
2822 0.3961388442221746
3128 0.4340126467340241
2935 0.47404856484359575
2903 0.3270253818697448
2952 0.1386928275396525
1656 0.2515801205796644
2824 0.5328073524407527
3314 0.5587893970255007
2858 0.33267997772950686
3067 0.17379035677837093
2670 0.5592959194512832
2799 0.4822689577780453
2898 0.34093538101660853
3155 0.381054355607564
2761 0.33271084427497
2812 0.2488406433560778
3376 0.46649444953625246
2902 0.5158178577867457
3088 0.21931681749496493
2954 0.3290775604999893
3389 0.2983148285763632
3126 0.481210833039669
2899 0.20736866462243198
2713 0.2875649631976784
2942 0.27742921168046125
2692 0.1795908509947352
2767 0.31385635011235913
2807 0.3222100960090455
2947 0.30618545271990105
2876 0.31439937298288545
3358 0.2591458041069775
3281 0.30844747682076307
2995 0.2406888387422256
1419 0.20472035943457598
2747 0.28339898052425266
2926 0.3922744880063557
3340 0.19864196800036735
3251 0.5480569310313445
3105 0.3301647702539108
2971 0.19082997044300018
3012 0.49005704458837496
3424 0.3399329153657482
3197 0.26877080332649117
3372 0.6035046445099036
3131 0.5429018504807382
3409 0.2825364704729883
3269 0.34005237856597925
58 0.33814416187930807
3290 0.390196859482633
3427 0.4719745972332802
3153 0.26474636708279775
3432 0.2492214842256538
2804 0.2685697957800235
2811 0.19596782921381675
2736 0.47817710323114593
2805 0.3136459804583729
2695 0.2935422279163301
3143 0.21441274455221696
3175 0.18401052872563411
3310 0.28716006381411036
3125 0.19358464984487528
3028 0.32340226838926495
3308 0.3811660446837256
3190 0.3210430350040411
3091 0.44572220269594853
3305 0.19161359808276712
2798 0.2746548527510607
2922 0.21020406044939668
3408 0.3037541998459456
2838 0.4252408853911301
2740 0.3407550507440157
3338 0.37133035758667454
2802 0.26240821193158487
3063 0.45682945032600913
3436 0.28320496532948036
2884 0.17679476360840765
3322 0.4633034342077034
2722 0.17314295801909843
2714 0.26105694107972033
3282 0.09604232471013287
2814 0.1977573029565704
3270 0.2393500474302479
2776 0.3403712468875235
2975 0.22474493351692168
3006 0.07634705873853977
2860 0.14925281262512366
3037 0.2542162950213656
2691 0.21080683461028454
2792 0.30862798435124195
2998 0.25646019921792174
3268 0.40760385708583685
3407 0.40760385708583685
3271 0.3018198712940782
2857 0.09224877470609635
3375 0.1853759267280754
2788 0.24895725233953786
2704 0.2835233441910966
3134 0.18719089525627672
