2849 0.03557588155186513
3021 0.02367326865694199
2694 0.036778822691784
3096 0.041279404641739674
2818 0.005048974317516731
2725 0.0025594342769001293
2951 0.04058621393427479
3285 0.01102886858477599
3082 0.04670409513637261
2832 0.00893160880593173
2960 0.044543464106997034
2800 0.034812642467828225
2929 0.02258290271392933
3029 0.03001921214342413
2909 0.033592648732579944
2880 0.028191552457587525
2754 0.05554294974931854
2872 0.03866490702102996
3232 0.046883043991235475
3184 0.02035040702017044
2948 0.008693103975232758
3277 0.03499789843994946
3297 0.03569385658780937
2925 0.034136137936024026
3397 0.048240851371829846
2939 0.03345320691378648
3185 0.03287876977355616
3115 0.026257526452466696
2927 0.04468419733676634
3426 0.04782902640474189
3333 0.0024363144803191805
3394 0.009807549835952977
3087 0.018581201441268184
3236 0.00980124812265847
3327 0.013252474318818291
2675 0.01396272832811864
2863 0.03722482585641794
3296 0.011431631259138054
3293 0.026758125475300716
3384 0.02559238029887769
3005 0.015431924956131219
3039 0.00802384167616594
3428 0.001911145808956453
3139 0.006785876653961022
3198 0.03505688814920583
3417 0.036128572402541886
2944 0.05657348657577722
2738 0.038788511337998315
3399 0.014628442713506502
2777 0.04563148801399836
2894 0.029318953622121353
3320 0.05076653438372621
2793 0.039818478752700004
2787 0.013709713305029755
3377 0.012689782747589853
2778 0.03858707185153639
3101 0.056826990256257336
3214 0.0194249909603159
3090 0.04768823502542348
2729 0.03085961222347222
3085 0.025139914535836038
2966 0.055495595885145445
3033 0.04368150954691964
2919 0.02750239645309239
2893 0.0026018985337776333
2771 0.006934917243644286
2749 0.020810697148585657
2986 0.046030466457266356
2829 0.014345645856897762
2711 0.012580150298970177
2755 0.051689967747663206
3149 0.03307629761357317
2887 0.019998213591629597
3247 0.034521215012851644
3347 0.03039345130022314
3065 0.02652839166125601
3286 0.009039408523216016
3419 0.031354239698571644
3319 0.007140821367375929
3046 0.014543886320851579
2773 0.028914366354073035
2666 0.029190663450225526
2706 0.035304656865424645
2940 0.02881209182137705
2852 0.0036630543821306923
3226 0.03643441577867035
3316 0.01974292820054054
3050 0.003750320112926145
2667 0.004660494785078951
3117 0.017189148343309788
3173 0.00412244553728426
2913 0.030690349971890293
2676 0.040440727560457544
2878 0.0010544358106916872
3249 0.00420131208890217
2897 0.02539866494946091
3119 0.016154914916281595
3204 0.014636406562305158
3351 0.04089657344933321
2801 0.003381462668163649
3256 0.025513624002809116
3191 0.014303710384115258
3203 0.01076730249706595
2846 0.008321915022772394
3321 0.03063370455874541
3124 0.010731747761080986
2803 0.006703343557951089
3280 0.043155868909429705
3132 0.044362457367090616
3207 0.018756923217651447
3042 0.006486919102384574
2963 0.0007833536065498902
2987 0.01144271065516118
2946 0.019978726142019128
3335 0.023448301197759515
2697 0.006904431918240437
3292 0.00338256599328758
3026 0.05271099387908897
2786 0.04974550549929483
3170 0.006982244944210958
2875 0.020302432930644484
3047 0.024760880236144922
3108 0.03344580075811058
2750 0.04083191541597902
2908 0.010027376865929208
3412 0.017362538295481768
3056 0.04002115335404442
3025 0.02398368446338326
2679 0.045721816634169625
2756 0.02112900532670077
3098 0.032118635470174954
2906 0.03974338843887194
3120 0.0372931041535303
2916 0.0425700550471618
2680 0.024945797959888945
2742 0.0494715965013943
3350 0.032940792308258665
2716 0.036358850250300896
3051 0.03978463120434213
3240 0.02625945943262802
3331 0.00949771397623841
1405 0.006635546032127034
2905 0.03379408885174632
3145 0.030033941052616604
3045 0.002900722990422783
2789 0.007464440156908089
3182 0.03428508050165644
3434 0.050727425776967996
3420 0.008560163539335636
2730 0.032377398483923535
3106 0.028164091647622437
3307 0.005526159937296672
2847 0.00363272194867412
3396 0.03567789778022666
2936 0.022924177966731987
3361 0.004297441657622632
2764 0.010722545207334825
3018 0.011236670196386642
3248 0.012972257014182483
2856 0.002514369482064482
3156 0.00524531965534354
2843 0.01210881456465955
2945 0.025987197506669127
3257 0.02020885713855782
3263 0.019161741651415473
3057 0.006207606189951262
2888 0.00632310860011815
3287 0.02062033314324381
2840 0.012074604054908558
2731 0.015048727946758676
2821 0.00477920289109393
2985 0.03023442798747999
2698 0.033368208860619704
3360 0.027231284736573626
2989 0.026317379166139243
2683 0.035453082129660404
3301 0.014770476633479144
2907 0.013425839905806392
2928 0.03907903680674436
3385 0.01972089640415156
2795 0.00517626775639562
3239 0.03562106529843963
2661 0.04824516960061886
2910 0.03780999255974914
3233 0.02433331589717399
3244 0.005258359576923364
3391 0.026243718993804677
3049 0.035219330824465746
3392 0.005724970697330069
3193 0.011878242212828426
3054 0.036299163755161006
2690 0.008239532238662377
2844 0.008182160567253466
3252 0.04180037793989279
3355 0.02548202005419
2718 0.011025258957787979
3136 0.016418994138689268
3152 0.04041379202408052
3366 0.02576765401609695
3346 0.013776253756186973
2904 0.024247937506631973
3150 0.03904525635992937
3102 0.025094510164557726
3169 0.030501845116250714
3178 0.009031384592281057
3208 0.004611987750010154
3267 0.033544434361919194
3116 0.04966621390608702
3386 0.019810060530164098
2665 0.016249563917667555
3332 0.03203676583128195
3243 0.010478406553164149
2886 0.005052148781128892
2999 0.01086835129781186
2708 0.016475257468103396
3016 0.009740708712611235
3342 0.023433546012113386
3022 0.04208450082593101
3306 0.0075913724716280264
3298 0.01310098318541214
3411 0.01949910008773038
2833 0.03585316595786807
2994 0.02933642314547948
3416 0.028298168512678735
3064 0.034824060119276724
2689 0.028652325041473647
3104 0.0394496112130502
3364 0.02404163462122802
3302 0.022757854938530473
3291 0.04594877308690215
2783 0.011694591945807657
2734 0.006660451049967084
2828 0.03459484573906103
3353 0.023168701116757732
3035 0.042326958944062014
3043 0.00462827757688282
2871 0.015758651369734894
2739 0.009021727175730597
3324 0.026719891506374195
3339 0.03578464468758668
3345 0.025266493270239693
3299 0.022471113994580936
2757 0.04625849546735417
3288 0.01777368077189828
3234 0.013790338599581653
2992 0.03237995608069571
2854 0.01441610518434128
2724 0.02556522676974446
3425 0.004618427178324487
3402 0.00478405994868398
2920 0.03533289903289684
3095 0.0038456152686987184
2877 0.052435733674600624
3060 0.03777886472393163
2782 0.046733039622518235
3000 0.04470053355550151
3174 0.041803009414425836
3094 0.0015568147589930209
2765 0.027388995064011986
2869 0.026676285461025087
2991 0.03277327383793686
3078 0.04299655783455304
2717 0.025444646615357162
3225 0.010500933135046488
3024 0.004937525312337974
3231 0.013046100881379835
2943 0.04152908479868289
3009 0.004982223181432411
2901 0.02842879258687569
3107 0.007204740036557965
3343 0.0037966104390878773
3253 0.016683388033802277
3086 0.01814900872570854
2688 0.003053805378875592
3068 0.006431950363027251
3415 0.009424553688404313
3406 0.02429624341504186
2794 0.0077192646039607096
3073 0.024811250311947614
3374 0.005835462735432205
2964 0.005607925027964065
2715 0.00459671124582419
2865 0.014248786689743482
2748 0.027506325937480848
3215 0.007449664456264533
2978 0.010072208341956736
3430 0.006201106288521753
3077 0.016513496566144033
2968 0.004882672000173213
3167 0.0055155822942133895
3040 0.02536152231290765
2918 0.010603204149505578
2890 0.04088101197759687
2892 0.010456713708024947
3074 0.00316689025768667
3127 0.003012732539313122
3289 0.006036266074261049
2955 0.0188216752492253
2813 0.004475538937961876
2827 0.03681446994746546
3118 0.019301773468897748
3019 0.024879452787828788
3380 0.006169364331213307
2780 0.020353682655683956
3262 0.011637183094901355
2772 0.006400057998450244
2835 0.01620910391771408
2763 0.025381701049339307
2662 0.014417544096547625
3206 0.024989968760093257
3176 0.011696639714141517
3201 0.04327278765075827
3114 0.01917918901593108
2726 0.006530668125690243
2953 0.015502249076719089
3330 0.040708530776637046
3137 0.01314918926849869
3328 0.0054152591076805125
3144 0.005364696933500032
3369 0.018996368905794665
3079 0.014321086337805591
2719 0.04275231678893664
3403 0.017056353983922752
3044 0.0011028069434396372
3273 0.009213179374368836
2728 0.01730402075909469
2864 0.034067211378595814
3387 0.04934580081560846
3237 0.012597330394068924
3014 0.02058276514651812
3219 0.016344377955359198
3076 0.03422941289444115
2720 0.016022635407481778
3344 0.0353275188524651
3348 0.04251043489489231
2741 0.02385315758588876
2839 0.07565594907349414
2810 0.026795030649904916
2911 0.032886597466882196
3414 0.0071381107587211974
3259 0.01186171615084314
3189 0.007069654393504188
2745 0.010142005144417921
2853 0.02934532442896519
3158 0.024675484248455382
3123 0.016644040983545327
3295 0.017307825822687164
3001 0.01159135604037105
3075 0.007659209753740872
2921 0.015803947181651158
2820 0.006966278248715959
2896 0.020909383287338133
2988 0.028693728160193173
2873 0.034990587866740926
2702 0.009280025004260872
2874 0.021632888276224792
3013 0.007214677552900831
2687 0.00500312225123339
3099 0.0035324144858116875
3242 0.0043219150522752145
3138 0.008184656904733982
3162 0.022749732824021505
2923 0.004001078203765203
2677 0.0036402630287388615
3379 0.009767255962430766
2759 0.0070134730233852504
3278 0.005188014277072896
1534 0.010652589362867986
2851 0.007165907798453549
2938 0.006943019988948261
3113 0.028863426964930782
3378 0.02642750791409076
2866 0.03805556580973066
2760 0.003120167790421035
2790 0.0018854399156404684
2867 0.03415744788412139
2834 0.0034506081868767914
3423 0.009907546708549639
2891 0.007245500318427371
2870 0.007396055446104481
3246 0.005808349487066344
2912 0.027863657420181966
2956 0.0425580448123943
3241 0.007524496170665134
3363 0.06416160046566459
3315 0.00610514382049768
3017 0.021702970846378313
3172 0.033139005575043366
3112 0.0042500983338052516
2883 0.00478444343098491
2669 0.05266132122177098
2831 0.006631142794566638
3326 0.004317633546660823
2781 0.017034372758523278
3129 0.015748353420778703
3362 0.04082542985793896
3223 0.007613091367280773
2996 0.008808157890302053
3341 0.009560544732359611
2997 0.00578204067773636
2933 0.006062433323171268
2973 0.03260080265369335
3212 0.011808160895038207
2950 0.017961042313839562
3111 0.01896305555997695
1758 0.003908100622139271
3218 0.005157854792878417
3053 0.005085716507019961
2758 0.018871653880668932
2672 0.015949468821284354
3261 0.022762624760698732
3318 0.014228409682763076
2700 0.003902182838471519
3100 0.013417395764566437
2815 0.02784403455012247
3266 0.003379006451438071
3398 0.003223838475679622
3435 0.024347226399228684
3222 0.004861809517761092
2751 0.010307090183695859
3192 0.005197120429648255
3422 0.012938025695550668
3069 0.005922074682628277
3258 0.024297399836019543
2937 0.028906132653040505
2733 0.007729735496903059
2696 0.00763536639264782
2830 0.008489851469662083
3154 0.03616088084690403
2753 0.02062277007136844
2796 0.025219156530456126
2931 0.018122345930912127
2682 0.004996814356644676
3313 0.0072687270368761246
3227 0.0008965562450617959
2674 0.03334226767916479
3032 0.010252816458606939
3352 0.0038783323824964416
3188 0.020846561249749082
3337 0.0072056900573520665
3356 0.008525322741492123
1450 0.005529487753454934
3166 0.018099733832767362
3312 0.006524460841912623
3160 0.00952462636004898
1642 0.007221904836381828
2993 0.02645307825063954
2806 0.017034186850226497
3213 0.014167516147524706
2770 0.021662234197341115
2848 0.005756914391663599
3004 0.0252806509050382
3300 0.0074413589354160046
3059 0.0015989292623998222
2969 0.027359215477214066
3135 0.0166728640108089
3146 0.02757834581640286
2862 0.035670383830553556
3070 0.03167382986574938
2915 0.04275683693454115
3180 0.005118384494555005
2732 0.00561470437023983
3365 0.014624987788520302
3400 0.0155913077768206
2819 0.0065227210928671085
3309 0.010341507962189956
2879 0.0109066572797103
3418 0.0029238859858437415
2967 0.008086833707037694
3092 0.003393536313946726
2673 0.011455478538065595
2785 0.010018027998427015
3027 0.02123254480372479
3171 0.004772971839519654
2841 0.010673335589588306
2962 0.006316615000084011
2934 0.0077513401929637776
3023 0.015473671578184885
3433 0.029784528757576163
3195 0.03329514385611579
2816 0.0038952744410024006
3220 0.024835703262697587
2974 0.029954855924865582
3228 0.012941959008605342
2735 0.002531099764102694
2709 0.0028810881602955385
3002 0.02990586425911673
2965 0.004534964142854597
3390 0.009526762019480146
3084 0.03833380311593407
1505 0.011092061336887955
3245 0.0039567704518742265
3010 0.010636431887665396
1666 0.008355938879835762
3080 0.010805217825455894
2712 0.015947605403022404
3373 0.005465443864758962
3265 0.023629492533931155
3164 0.004119750416585374
3151 0.005046937212354138
3421 0.0069740081073981774
3148 0.01020557147445284
3284 0.03835288984320546
3370 0.0015778156418459162
3093 0.005243274109098048
3041 0.007354806144331912
107 0.004776407439381699
1726 0.004852371067402178
2681 0.01704169176666069
2746 0.0043196609684713495
3142 0.025083863815307306
3008 0.012160969763413472
2958 0.015646215902893983
3130 0.005953396131822255
3393 0.00434542142219998
2707 0.0038645587715352065
3036 0.01598653613643977
3272 0.013440940281696553
2932 0.018938925746080137
3255 0.015900181046505358
2850 0.012584752787099836
3181 0.0057832100018908586
3179 0.033027526073769284
3052 0.017223087019602824
3034 0.01140539033825517
3323 0.0022023221621305625
3274 0.02526238803976284
3264 0.014012485794199583
3196 0.015885319678021894
2930 0.0052484200141203665
3011 0.01846365661745883
3097 0.010232470169011803
3177 0.015207519681812694
2941 0.004712001411991581
2664 0.039213623622733604
2855 0.0006752552430818155
3072 0.01776819101351554
2959 0.011970753945408544
3325 0.012511080744526035
3254 0.0034934372705802755
990 0.011243435989255052
3216 0.002413429390929234
3141 0.004930402476733838
3304 0.011596005746982796
3381 0.024968352966833373
2685 0.0019504637692727839
3109 0.00684738652455305
2668 0.00946624021856386
3140 0.024472815860527155
2723 0.002927741451946215
2836 0.012352326669735247
3367 0.003272070097013079
2976 0.017242945098692748
2686 0.009664996452192966
3168 0.017289612547577486
3405 0.0045182772241324
2900 0.0028243438267049
3413 0.0007277991154253214
3187 0.014929857547340965
3081 0.007665388518447769
3283 0.011164559426115078
3165 0.0014284363972153174
2768 0.009944374071864399
2701 0.014094646467943887
2727 0.005650960913114153
2982 0.011337650808487441
2693 0.0073131155509276015
2984 0.00804002989290014
2980 0.0011350112057286804
2699 0.009055879287627222
2703 0.013478331889951092
3089 0.018995590422236808
2797 0.015033248616206177
2917 0.006591268034134175
3235 0.0022181051997937616
3224 0.02407155775277568
2845 0.00859048359805179
3186 0.008324425064284801
2809 0.008683035605232389
3388 0.0031396194526913273
3003 0.0012606437110230437
171 0.004050536596959779
2825 0.005649450424628755
2762 0.007233829455285272
3275 0.010194972559742764
2924 0.016006759647862277
3221 0.008434687989670463
2990 0.004797795897845661
3279 0.00714616037489529
3303 0.015251453833022214
3250 0.014077732521656849
3431 0.0054705874992039645
3329 0.005795304183978256
3368 0.0044702754804301454
3359 0.005143769474931476
3103 0.008351899977908552
3038 0.033094603862980305
3200 0.005174595022584202
3122 0.005157854792878417
3276 0.006095254571197211
3147 0.0021601027103684105
2774 0.0027267946218864202
2791 0.0036806462663480396
3083 0.0050473476727730705
2983 0.008640035675658504
3404 0.004978950466802996
2861 0.005073728310142736
3354 0.005121960053151407
2949 0.008500732551351468
3194 0.004351924405621287
3311 0.0061865294811726335
3382 0.013458214085015135
2737 0.006810470740336307
2775 0.009504686696592053
3055 0.0029747804667695985
2817 0.0018036228134669105
2881 0.014847003671540031
2977 0.017560599351010942
3062 0.012754465317229145
3395 0.01445407497709432
3260 0.008679983209220525
2957 0.004264676760543012
2914 0.01334764465087292
2889 0.011773637274178145
3349 0.003027672134482002
2979 0.003772767116304897
3209 0.010436517082479361
3371 0.0070060134985432026
2961 0.0024516777534893067
3294 0.006568975927249073
2882 0.0034578481166147373
2823 0.021257949653967826
2752 0.001298110001345554
2705 0.010887677378195109
3429 0.0010186586469904128
3157 0.003471323188740733
3199 0.007406791760954397
3205 0.0027449532218348626
3163 0.008914300900083993
3211 0.004586019150528445
2710 0.004196971880126806
2970 0.02162000661678429
2769 0.0033928699579480704
3217 0.0017474413802824116
2868 0.006114879868203907
3401 0.004616064992594402
3317 0.0030427032849476387
2744 0.0049761925156900436
3066 0.007448713651837381
3336 0.003547570788481171
3210 0.003876370455086127
3238 0.021961448394654658
3161 0.0016330035736410817
3058 0.00386130051241324
2684 0.015346302882579446
2678 0.0036002944846556285
2972 0.012776397669813722
2826 0.001890144466720161
1171 0.0027997526663889366
3383 0.005821706321771739
3133 0.0022211858617100354
3159 0.0015778523913925545
3020 0.01039793120399852
2895 0.0022229920255640244
2885 0.0012382952533902425
3061 0.005477863439717076
2663 0.010314611226316543
3015 0.002921551796764569
2766 0.0035339995352681786
3048 0.007030965822619858
3229 0.005367402077825566
2743 0.019865220328097132
2981 0.008647418649542911
3007 0.008925523038458545
2779 0.009978742849113879
3202 0.0033573168272565653
2859 0.005432096453452632
2671 0.003389359748350843
2721 0.0033893597483508437
3357 0.0011094617118311923
2784 0.007530757429924662
3121 0.0007576862526939294
2808 0.0006543891816159757
2837 0.006440336694400663
3030 0.0025818853468475155
3334 0.0028875904054130722
3110 0.003889715686767784
3410 0.006816024515296749
2822 0.006551914726320955
3128 0.004969610458786536
2935 0.006634267446920552
2903 0.002912439787644038
2952 0.00035290795811616417
1656 0.0051212238285936774
2824 0.003389359748350844
3314 0.01066391979056299
2858 0.00677211150594416
3067 0.002653287889746121
2670 0.012808303498884349
2799 0.004295016163417706
2898 0.003036320187170814
3155 0.005332821770589319
2761 0.0114289984674608
2812 0.007598187583391688
3376 0.004154530721060773
2902 0.003937540899135463
3088 0.002511261269026316
2954 0.0050240848931296074
3389 0.0022772124318806352
3126 0.00428559266065863
2899 0.0013191390879289566
2713 0.010975761954109861
2942 0.0031766703627533733
2692 0.0009139483511182453
2767 0.0019965416673814193
2807 0.008608666687264574
2947 0.00623278275256796
2876 0.005199989629487927
3358 0.0032970204084857195
3281 0.004316694968229508
2995 0.0042870785526605065
1419 0.002344126253067664
2747 0.0043267019927366816
2926 0.004491692610759799
3340 0.0037908772519154076
3251 0.005578187593194345
3105 0.004620626555716309
2971 0.0007283586658129778
3012 0.006234822450233778
3424 0.002594907750883574
3197 0.002393633108505647
3372 0.004606905683281707
3131 0.004835003757462045
3409 0.005391917375438708
3269 0.0034610929116130206
58 0.003441670858822474
3290 0.0019857346538556388
3427 0.004803812694486312
3153 0.0033682743903663834
3432 0.0015853783983820217
2804 0.002733534817099476
2811 0.0014959376275863875
2736 0.002433471263262829
2805 0.002793284813242507
2695 0.0037346339429558542
3143 0.0008183692540160953
3175 0.0011705504371859678
3310 0.001461374370555269
3125 0.00024629090311052834
3028 0.004525985944379026
3308 0.0038795526176460624
3190 0.004492968683262662
3091 0.002835382968803744
3305 0.0009751328146705706
2798 0.0006988673097991367
2922 0.0005348703828228923
3408 0.00038645572499484173
2838 0.0016230568144699623
2740 0.0004335305989109614
3338 0.0037794438431213695
2802 0.0030046741824227277
3063 0.005812079520687139
3436 0.0021618699643471784
2884 0.0011246486234631529
3322 0.004126112009483364
2722 0.0004405673232038128
2714 0.0006642670256481433
3282 0.00012219125281187388
2814 0.00025159962208215063
3270 0.001522582998920152
2776 0.002165211494195442
2975 0.0005718700598394954
3006 9.713366251722617e-05
2860 0.0003797781491733426
3037 0.000646860801581083
2691 0.0005364041593137011
2792 0.0007853129372805139
2998 0.0006525704814705388
3268 0.0005185799708471207
3407 0.0005185799708471207
3271 0.001535978988773935
2857 0.00011736485331564422
3375 0.0004716944700459934
2788 0.00031673950679330515
2704 0.0003607167228894359
3134 0.00023815635528788386
