436 0.34521829585304553
428 0.33796583334318936
450 0.3392618865493956
531 0.2761170128544105
538 0.3898673023142429
404 0.29582046386033484
565 0.23290085391775767
412 0.2528369947882921
471 0.37347305257196833
461 0.40201823544445975
544 0.35892736284713833
414 0.3780588609171499
465 0.3196516703144841
546 0.33185272888569484
547 0.3400078817522278
475 0.37170599483201167
446 0.2671280601256878
536 0.3291828316384122
398 0.3659193017289439
367 0.2785948966162312
452 0.23312407371636187
560 0.2804769172511274
493 0.3593140497094407
361 0.3109088021884221
359 0.29325906280302233
402 0.3853403952457515
520 0.3803608561637659
567 0.39667010788348
542 0.31548821870859
510 0.26981686109748826
521 0.14755920514365647
559 0.4332470888741644
557 0.31433926247272215
376 0.3489602746303073
555 0.3001959711870934
500 0.2756084468515202
469 0.2734225597806098
516 0.4071440578445441
378 0.35829087327205933
482 0.3365009429082831
418 0.24010106279603463
506 0.3768307262211177
514 0.37484180884196416
545 0.3570207146487507
525 0.3775205748991016
484 0.34628476758984716
492 0.30574433766375003
479 0.3423618565755451
373 0.3922039403294016
483 0.3970703874181853
173 0.2289851586000035
549 0.21449505253399967
460 0.3283679922641792
517 0.4277556177743372
395 0.35951500602019804
370 0.37193846048979623
396 0.338005688016519
416 0.2542856453479122
368 0.33308507160497347
503 0.3393655432141032
423 0.3091548874245732
457 0.4134708243205136
477 0.2755518819405285
524 0.40427884477310944
364 0.4747588864748496
441 0.5103316040680562
400 0.41469817601860826
548 0.25152551851958793
515 0.36955022439382285
434 0.3175309842944871
496 0.33058264625353867
382 0.2842627114399894
474 0.34814521966767553
451 0.294657326769914
409 0.32931993491283523
526 0.32090790364590516
363 0.35898421264410546
371 0.10711058138921518
420 0.3473597152681952
432 0.3695573163118749
448 0.31248270997586197
563 0.30590714184352324
508 0.2647140531460296
440 0.20138834264541575
444 0.32129144166080303
523 0.3358683353072999
561 0.2751038763119038
365 0.18161900693489483
507 0.3428687830071881
397 0.28616115388148466
439 0.26763274387380265
497 0.3196105657424901
513 0.3434616258661054
387 0.37614690001362894
408 0.37532389790545556
512 0.3427012436886384
394 0.3170555012241566
419 0.2692040860195589
527 0.28274888533990217
443 0.15881008149630843
453 0.17118260706580962
403 0.3342046992785346
504 0.21298683766955367
422 0.2305298214656859
413 0.2661626892341382
495 0.27088893735943664
553 0.3063418309932802
458 0.23944556873192901
426 0.24441560840552956
540 0.18584875109271234
470 0.26606632444344613
519 0.33337582247055186
511 0.38536773159561727
556 0.30522535943668316
558 0.3185774775191634
372 0.23517289480524492
392 0.33163283551635964
445 0.2614858808831971
417 0.31895261986461015
566 0.417790426270728
353 0.29313572663770515
490 0.25665105298418417
464 0.3154370657184736
552 0.42192192901394227
488 0.359195602272967
374 0.3972694166064743
476 0.38087772659793834
533 0.19519536909623403
355 0.3242318403506911
463 0.22433105991538912
388 0.32753149395840087
438 0.3766213421274335
442 0.08619700304249332
375 0.30550357729038197
491 0.29077085171449557
354 0.36402482416484744
543 0.298159568457838
456 0.38572893272928993
455 0.23935659140395116
366 0.32818140615951674
467 0.3103696788178637
572 0.31732661826530967
539 0.24929453756139677
424 0.4602741622163469
537 0.33675510600165265
391 0.36626500225112474
425 0.17133831751453538
360 0.2738183976366797
421 0.3111494495736589
430 0.31115822843823004
427 0.2810273241383243
407 0.28345821243413605
357 0.43969640467286447
568 0.21550406840264158
405 0.18320821151742855
473 0.28905014429948445
431 0.3625741531053914
350 0.23577409061368443
369 0.32423825466265316
466 0.3487766865087049
429 0.2478720904423836
551 0.4591794456701875
381 0.30308300788904546
410 0.1283826809703276
486 0.443352330433957
459 0.32024498134382307
487 0.3125355166729369
569 0.2704948980576672
494 0.360861119193166
481 0.3212054098610863
502 0.2541869888402424
570 0.31287851088976676
362 0.3120033703008882
198 0.382593028987398
399 0.4908634336047248
352 0.28203950512843085
489 0.38914907007333494
389 0.381131584942951
501 0.5262566543648121
564 0.393841561842847
454 0.29454062903677136
351 0.3138153029046719
435 0.25261566879856295
437 0.21919259499417712
528 0.20436383204730177
518 0.37103440155791845
380 0.4266128967522221
390 0.20433137140273275
462 0.3303885522282407
532 0.20740408722475628
498 0.20484726336624304
509 0.46342449582002626
554 0.4178959207236923
449 0.18085648160124823
541 0.23664650347524285
415 0.34693471586092706
571 0.12813383859857347
480 0.19410501880562891
468 0.1162073874753739
406 0.23626307646339095
505 0.42839419189661326
433 0.31999857537745
478 0.2889702920706036
349 0.3565601767754775
535 0.2803460555438426
385 0.19025584261086775
534 0.29022016939447864
562 0.24641125625028132
529 0.28075484081154467
522 0.29288329226112
485 0.3100060871988555
34 0.2013566471215539
356 0.26976179254071575
411 0.25881501194854223
384 0.46263147012039113
393 0.516405919837879
530 0.2456654516209099
472 0.18305363123772742
386 0.17422867887931437
499 0.10399263547264187
379 0.12300715284611542
401 0.10840502978944973
377 0.06387606149450643
383 0.16281792863727954
