428 465 373 511 507 376 423 400 566 523 387 496 402 392 556 475 559 484 366 370 478 497 412 434 553 524 506 363 414 394 488 378 395 492 542 385 561 525 461 438 527 517 513 483 563 431
436 451 559 553 444 427 353 366 391 515 544 506 456 523 558 526 479 387 405 415 567 395 542 514 408 570 34 404 414 438 412 434 500 520 370 497 376 461 508 430 525 511 463 475 432 561 507 373 473 419 492 460 378 482 563 517 545 402 549 417 465 425 452 524 512 423 484 513 400 431 392 360
531 361 547 497 500 390 373 548 557 474 452 481 539 463 475 489 396 388 354 519 376
450 444 372 405 539 442 500 361 466 376 504 397 529 350 481 519 455 557 470 359 522 429 396 489 547 570 426 555 543 563 474 355 475 452 463 546 568 382 354
404 514 375 456 483 493 439 542 517 352 462 511 479 398 394 419 503 500 376 560 440 395 408 353 559 412 484 368 561 536 417 566 527 525 465 497 487 400 363 366 512 444 545 494 392 409 431 423 537 492 526
538 536 392 388 352 560 493 503 537 483 408 431 400 445 479 452 462 353 409 512 440 487 506 484 398 526 465 415 511 428 419 421 545 375 515 559 566 482 456 542 500 561 494 496 366 395 525 556 368 444
412 500 496 373 355 482 419 363 524 553 374 507 360 455 497 561 370 560 475
565 398 492 482 524 416 388 561 355 418 520 558 363 496 515 559 423 368 513 542 378 353 434 362 544 438 512 460 555 387 376 395 374 548 527 373 370 436 483 414 529 430 537 352 392 367 538 506 494 488 560 567 428 360 493 408 422 517 500 487 569 481 366 523 461 526 549 417 504 431 455 442 533 391 484 402 525 432 452 400 507 409 473 547 566 503 456 528
461 566 426 569 395 515 451 431 475 419 439 567 507 420 373 559 561 430 353 376 524 513 465 514 537 563 432 378 370 553
471 423 370 417 373 465 524 439 483 548 525 544 542 492 385 376 395 363 523 497 475 567 559 520 378 527 463 387 428 414 374 513 413 412 400 553 438 517 506 360 436 507 408 561 460
414 483 387 419 504 563 363 521 559 566 508 561 523 428 400 366 412 426 439 524 461 517 376 553 525 507 444 520 395 545 495 378 374 484 570 370 373 353 418 397 497 514 442 557 432 402 388 475 394 451 460 360 556 465 506 417 391 452 513 492
544 431 373 394 553 500 395 563 423 556 542 438 412 514 370 524 428 34 561 173 363 461 559 496 480 566 506 436 422 376 492 558 374 567 391 465 427 400 513 378 483 434 475 515
436 484 503 473 525 370 413 461 378 537 556 475 507 456 376 421 402 517 439 374 445 395 566 513 569 511 430 524 404 418 451 557 542 570 392 483 561 515 417 500 416 373 408 438 388 493 471 538 387 526 400 415 567 432 420 414 391 506 544 431 428 559 452 487 423 460 535 558 495
547 376 426 455 500 557 474 475 422 350 355 438 397 563 543 555 359 396 403 522 452 531 432 519 504 497 489 373 367
546 450 548 519 463 372 396 418 504 481 359 460 376 500 531 361 489 410 355 555 354 452 470 382 474 422 557 475 403 412 367
446 507 513 418 483 378 417 400 542 444 490 423 525 353 366 465 555 394 367 436 481 403 471 546 497 553 482 391 402 566 388 410 363 463 390 374 442 527 491 461 419 559 524 361 458 396 561 439 517 450 428 373 370 531 359 500 519 376 487 567 488 548 514 544 452 502 460 547 545 431 355 392 438 492 474 484 496 434 489 563 565 515 506 523 556 557 414 432 521
475 515 376 548 487 491 490 492 483 539 482 366 373 517 353 391 438
398 404 431 512 419 561 494 525 484 368 538 462 352 493 408 409 395 479 511 545 517
536 559 412 431 527 526 517 462 511 456 538 479 488 395 430 497 525 404 408 394 561 445 375 545 352 494 368 512 409 484 493 503
452 403 483 555 396 489 475 376 525 422 455 378 548 474 373 553 491 412 481 416 355 363 391 566 359 504 519 502 547 490 546
367 359 382 566 510 419 497 388 463 403 378 370 506 438 376 404 355 450 553 470 513 489 432 521 507 557 460 559 500 547 531 475 395 412 546 519 465 428 354 544 555
493 404 542 473 423 537 497 561 538 500 503 412 553 395 392 353 492 445 483 460 484 362 512 540 463 565 408 539 417
560 561 375 500 538 388 497 404 402 545 494 483 517 514 537 392 391 416 487 556 539 431 409 479 408 526 368 417 412 353 445 566 462 363 484 465 525 511 536 430 438 440 503 456 557 421 419 352 559 398 400 366 507 451 512
450 557 359 463 531 489 568 481 355 396 474 547 475 500 530 470 519 562 376 555 405 354
452 361 491 396 422 355 557 547 455 531 403 376 475 530 546 405 391 489 367 470 354 562 481 474 555
520 413 517 458 370 438 395 545 493 374 444 507 436 366 495 451 559 417 376 425 465 432 475 513 553 497 523 415 506 514 542 463 515 421 397 460 387 543 566 524 558 561 544 422 482 567 412 428 360 363 355 563 373 500 570 508
402 365 353 563 408 567 387 366 412 460 422 514 506 373 394 507 524 561 445 527 456 544 497 425 542 553 360 439 479 461 417 428 484 495 370 483 545 395 513 376 500 508 570 517 438 444 415 374 523
542 566 537 527 520 373 439 525 460 492 513 395 400 503 471 428 391 387 553 376 559 423 416 484 461 561 412 419 420 353 370 524 388 472 475 402 465 360 414 497 374 483 451 563 456 392 417
567 560 538 412 475 360 373 513 525 461 561 415 414 428 497 473 460 353 363 520 400 402 465 394 553 395 492 392 500 371 527 556 495 439 352 417 404 483 436 559 524 413 376 503 463 445 409 362 479 370 366 508 378
521 533 452 555 455 432 507 396 360 426 504 528 397 418 553 374 563 355 458 497 433 403 354 513 407
510 544 368 438 506 452 460 374 500 504 363 409 432 475
398 428 540 488 460 544 487 408 483 430 556 412 456 506 515 388 373 423 402 366 394 492 436 370 561 524 353 484 387 545 497 417 517 567 537 391 471 511 475 494 538 461 566 376 444 414 479 526 392 404 452 503 514 374 553 507 378 363 542 525 434 527 368 419 513 438 465 432 431 493 395 400
361 503 500 497 546 359 489 570 519 474 397 450 376 531 416 465 354 555 388 432 515 452 418 506 507 544 547 483 455 493 355 463 396 513 475 410
555 546 446 419 373 436 423 523 456 491 566 487 531 390 488 514 388 497 397 367 402 400 465 452 412 544 413 366 557 438 461 395 394 353 538 547 482 420 567 360 507 432 481 473 559 374 471 525 492 428 359 570 489 500 545 396 556 526 405 414 561 378 517 490 475 410 515 363 520 444 483 442 524 361 519 463 563 434 417 542 355 506 354 496 387 458 511 391 548 460 513 553 370 426 502 431 439 527 450
376 548 504 403 354 367 370 470 510 475 396 412 553 360 382 355 435 432 418 557 546 515 531 519 547 497 500 410 481 422 463 458 489 361 359 366 452
565 396 556 506 537 373 546 450 493 507 531 557 409 492 388 414 483 382 423 378 463 455 553 445 439 538 519 547 417 421 560 497 391 355 525 514 428 527 361 465 412 410 376 563 484 542 416 555 475 521 452 363 431 520 444 404 517 487 513 566 438 354 408 548 400 402 374 524 474 503 392 353 368
516 370 505 563 369 551 457 486 424 497 554 553 397 419 540 458 430 389 381 357 518
469 381 357 419 509 551 389 459 477 380 397 563 457 369 486 518 505 424 554
482 496 527 475 563 488 465 412 452 553 492 423 500 367 506 497 513 544 487 524 373 561 417 370 461 363 434 515 400 502 514 369 431 376 428 374 436 394 456 566 483 559 517 495 368 426 471 366 414 391 484 542
378 412 517 353 506 565 391 483 362 484 475 556 376 446 548 507 497 553 525 366 431 404 392 428 402 400 374 460 458 496 515 432 363
506 475 412 497 547 568 514 432 374 463 523 465 553 555 481 544 557 397 510 504 355 405
418 370 563 500 451 374 559 391 482 397 520 428 561 434 452 483 545 504 521 378 363 431 387 537 444 360 404 395 524 496 417 400 402 438 525 484 412 436 513 517 566 455 420 414 392 557 507 497 423 514 519 492 461 460 508 456 465 527 376 544 439 432 523 475 373 553
538 400 504 366 360 387 520 493 561 376 418 451 527 548 460 428 513 414 402 483 495 500 569 395 373 370 492 544 378 420 397 430 391 559 506 471 475 431 363 537 374 496 570 458 566 392 432 484 408 507 541 503 439 525 524 438 517 353 417
525 479 563 458 402 408 493 558 570 460 512 506 372 559 422 507 537 566 544 395 523 561 456 444 404 515 432 376 421 520 398 431 417 511 428 538 475 415 374 553 536 517 373 543 497
545 567 423 465 370 507 462 352 475 363 374 391 542 367 461 536 566 439 430 544 473 527 419 398 484 395 506 375 500 497 376 440 511 428 456 432 482 561 538 368 493 517 400 563 431 426 392 387 412 537 559 487 373 436 479 438 512 404 409 524 548 526 513 514 515 483 503 408
465 400 526 420 511 363 482 436 513 353 494 479 559 431 536 404 525 497 408 567 537 350 544 538 506 517 520 366 483 527 500 456 493 440 412 560 503 514 352 419 475 375 423 391 398 428 430 378 515 566
479 412 438 374 567 417 513 446 500 423 537 553 559 378 487 392 497 461 495 370 445 524 503 388 362 517 363 431 561 483 373 376 560 542 514 515 434 409 428 419 414 353 566 506 436 460 352 475 366 394 391 400 538 544
492 545 483 512 394 425 538 368 404 440 398 417 428 484 503 515 408 409 460 511 493 520 559 395 517 561 352 431 525 375 456 536 527 513 542 473
436 376 463 360 565 500 567 461 456 390 434 542 414 450 559 520 355 497 553 421 561 363 387 353 528 395 438 412 367 502 471 425 362 431 556 378 492 483 527 491 400 544 515 374 370 514 465 460 475 446 428 413 563 388 417 496 507 392 524 473 523 439 498 397 391 517 513 408 423 566 525 366 548 558 402 546 545 506
544 422 367 417 475 370 463 479 538 559 503 419 397 563 515 404 493 496 353 482 500 513 446 461 517 524 438 506 561 430 416 412 408 514 566 492 373 432 465 391 553 526 507 484 520 560 366 392 420 376 537 378 385 527 542 388 431 395 363 567 444 557 473 497 525 436 535 487 414 494 374
549 464 427 414 34
173 198 427 412 563 428
517 371 448 515 442 543 559 409 520 444 567 417 553 535 545 413 412 360 547 463 514 438 563 542 566 479 355 366 521 507 391 392 452 402 445 425 373 395 374 362 560 370 353 428 473 523 372 422 558 432 508 456 492 475 482 544 415 506 497 570 461 376 465 495 524
460 402 537 463 538 398 482 566 417 493 497 456 423 524 483 527 366 394 544 465 400 374 353 444 559 556 561 492 352 408 431 496 526 484 512 363 506 412 391 511 475 488 479 446 376 525 438 428 500 461 368 439 378 373 513 419 553 503 520 494 387 409 436 515 507 462 434 545 395 514 536
370 495 507 488 413 497 368 402 471 366 451 567 553 561 511 527 523 414 456 421 412 360 419 422 463 461 376 373 465 428 398 506 538 544 556 525 545 387 537 560 514 438 430 542 408 460 417 520 479 425 524 423 436 431 452 483 515 536 404 513 400 559 517 512
395 483 506 461 402 430 555 525 465 431 456 420 523 452 548 415 469 559 553 423 436 458 438 563 417 492 412 527 432 414 507 419 378 544 428 373 497 387 566 514 520 475 460 567 515 374 392 416 561 363 451 360 524 397 413 565 353 471 439 376 540 542 388
500 474 359 470 403 367 547 422 355 555 548 570 568 361 531 519 410 510 475 489 376 450 481 546 354 557
368 412 493 494 497 483 557 419 432 537 567 430 465 503 563 367 500 417 370 569
416 497 395 409 526 412 431 479 521 363 553 503 371 493 456 538 536 366 374 525 419 527 352 517 378 494 408 375 559 398 404 462 500
465 409 511 400 483 419 557 392 387 404 556 539 526 375 494 487 513 538 352 423 567 479 388 492 524 560 408 473 368 391 417 353 394 537 444 416 497 553 451 559 431 456 366 561 484 517 527 493 542 566 514 438 430 500 412 398 525
461 524 556 376 525 436 553 412 392 492 475 559 560 517 414 561 378 558 500 370 503 385 425 473 567 497 430 431 456 527 506 513 395 391 419 537 444 373 523 484 465 428 538
477 424 380 469 518 563 551 554 421 509 381 389 486 397 516 459 505 357 369
457 439 518 425 357 516 554 369 485 563 397
423 366 412 523 360 515 497 461 517 544 483 559 488 456 520 387 492 385 506 561 565 436 503 391 465 414 475 378 374 471 567 507 402 373 395 553 376 426 370 408 438 363 542 463 513 400 417 525 500 420 514 428 566 353 527 460
441 198 501 476 399 393 351 564
364 476 501 198 399 564 393
514 484 431 511 503 436 475 438 544 445 567 419 444 404 417 376 487 394 517 434 391 537 506 542 353 373 539 556 553 408 388 378 561 515 461 512 415 538 525 465 482 366 409 456 566 412 524 488 432 387 513 500 395 414 420 497 421 428 493 492 559
547 555 490 446 515 366 370 450 461 396 514 367 491 474 412 438 360 391 482 556 475 502 373 355 504 500 525 376 388 410 519
434 446 512 460 374 412 471 391 483 548 428 513 559 524 473 553 363 527 507 366 431 458 479 417 403 392 402 519 373 465 555 557 545 378 409 497 400 492 404 370 376 355 395 566 517 482 525 475 353 496 394 484 414
515 523 490 373 366 412 506 400 436 478 488 428 456 378 566 425 492 349 497 376 559 496 458 475 517 431 563 414 534
378 565 438 412 456 436 566 353 483 366 374 513 508 458 506 478 517 553 523 414 440 427 373 497 514 404 434 507 482 376 475 388 488 515
452 470 500 355 555 403 410 354 547 474 531
396 546 557 450 548 354 367 361 410 531 422 481 382 547 355 475 359 489 500
428 561 506 553 395 471 402 514 507 569 465 432 513 374 556 503 370 544 420 567 439 430 563 493
526 503 494 368 460 352 500 431 404 363 353 479 462 493 419 515 375 497 492 561 487 512 536 521 400 408 456 538 412 517 525 542 398
409 363 484 398 561 368 374 503 512 553 428 430 404 375 493 517 366 483 566 559 376 412 419 507 465 494 497 525 408 353 538
526 544 497 561 412 484 525 515 373 385 527 565 506 419 368 463 409 461 507 475 542 432 492 366 436 414 517 378 553 493 487 376 500 538 367 353 370 514 521 559 524 388 483 455 402 444 481 566 417 374 482
460 368 542 362
432 439 484 370 397 553 513 556 376 471 374 567 430 537 563 507 506 514 483 353 451 569 465 566 400 524
420 439 566 353 397 360 418 430 455 561 402 570 569 510 416 370 563 422 451 363 504 376 452 444 483 555 557 545 525 497 428 431 553 456 544 374 438 527 465 460 571 412 514 471 521 507 400 546 506 559 482 541 475 513
460 413
545 544 506 520 378 357 438 483 513 421 554 414 439 415 431 469 426 369 534 370 430 455 460 407 543 457 432 541 425 546 427 518 556 531 523 420 449 416 504 500 405 350 373 391 397 435 569 374 428 549 525 510 566 459 433 376 485 516 471 528 442 402 480 567 475 477 507 451 434 456 436 508
440 544 496 534 428 478 417 349 520 460 506 541 402 542 563
508 479 404 408 538 449 525 496 484 419 493 456 431
523 531 445 408 428 460 402 397 475 400 421 387 372 506 517 488 544 438 556 495 570 432 487 545 559 503 449 473 504 376 500 513 360 538 423 363 483 417 422 439 404 388 520 374 415 507
444 425 434 376 436 544 490 524 374 438 428 395 370 422 418 461 402 545 397 360 553 442 456 417 570 496 563 513 412 388 387 561 460 497 373 439 507 534 423 506 475 520
493 408 417 451 412 431 526 363 512 544 473 456 395 514 506 392 423 373 559 483 497 536 520 432 542 439 553 560 438 511 494 350 524 517 537 566 398 471 492 567 378 527 545 374 414 430 465 475 538 455 369 400 428 422 507 525 360 376 353 402 523 409 479 370 503 565 404 391 436 461 513 419 387
520 513 556 408 360
475 395 436 495 387 500 525 449 354 402 566 360 417 465 553 520 515 513 451 544 363 374 545 510 471 556 370 482 376 458 470 460 385 452 570 497 565 388 483 420 428 561 524 557 373 504 506 526 523 559 496 412 461 397 432 438 514 517 563 431 493 463 439 444
439 543 422 426 483 444 506 554 354 350 420 376 504 449 531 432 513 557 518 369 481 355 485 419 509 546 523 421 402 418 544 510 541 514 458 563 357 570 373 469 370 516 457 507 477 389
397 445 432 456 442 420 458 567 487 538 477 430 544 461 563 408 525 465 561 500 471 473 566 520 475 527 542 523 373 517 570 513 425 553 374 506 444 514 370 451 376 507
513 368 488 355 403 450 395 452 494 350 389 493 435 363 455 418 388 557 422 517 524 376 373 560 492 475 561 566 378 392 559 416 436 542 402 398 520 484 354 461 500 423 525 482 428 417 370 507 360 527 432 515 503 409 458 565 544 469 555 391 538 506 523 430 434 438 496 510 567 374 460 526 546 483 353 400 366 537 570 431 456 545
497 475 527 408 456 405 492 488 412 417 567 542 365 387 515 563 496 483 360 397 484 420 366 503 507 378 402 487 566 553 514 465 394 452 419 512 438 451 391 506 388 461 407 523 471 537 520 353 444 423 374 517 373 439 500 524 559 504 400 395 561 426 525 436 376 414 479 428 557 510 544 431 432
544 417 520 507 503 436 513 514 438 412 373 428 559 444 506 524 556 415 567 360 408 395 406 461 570 370 402 523 465 525 517 376 400 383 561
561 430 444 520 513 512 559 473 545 419 404 456 366 487 352 394 439 556 440 428 387 431 479 538 398 484 483 517 493 503 375 511 412 400 395 465 365 488 353 417 537 445 536 438 524 409 368 373 514 461 500 560 526 525
394 515 408 561 526 479 431 536 545 412 404 391 462 511 513 517 400 538 409 560 398 525 488 556 428 456 493 395
512 438 488 414 479 475 559 520 538 408 352 517 400 376 513 398 353 542 503 566 436 378 544 391 392 556 511 492 366 515
544 376 353 452 503 483 408 518 400 536 486 540 565 538 350 424 363 471 395 525 488 416 397 516 475 422 370 513 404 430 505 409 567 374 527 389 369 537 428 526 487 492 368 456 440 423 517 469 484 559 431 493 357 561 381 551
378 392 488 513 567 398 431 456 395 350 517 515 514 553 363 520 391 412 525 370 475 374 561 373 461 500 419 497 439 423 484 542 538 473 368 432 483 503 559 506 436 417 479 376 524
453
443 468 437 498
367 555 497 396 489 355 470 452 475 359 382 458 515 553 519 510 546 547 354
544 555 539 514 421 541 571 531 433 547 397 407 562 506 466 422 529 432 374 510 570 455 563 429 553 481 412 528 507 418 444 449 521 463 367 543 350 548 546 513 426 522
483 397 359 497 520 396 523 367 546 395 545 455 504 570 432 419 372 412 481 561 414 438 449 474 402 460 489 555 547 444 553 360
402 395 415 465 460 463 376 445 362 535 448 461 373 473 370 542
395 417 507 360 402 445 492 362 544 456 514 444 415 558 570 520 473 542 378 438 460 465
428 451 528 423 460 395 425 414 515 420 492 526 378 373 507 456 527 370 366 500 555 544 475 561 374 452 402 367 567 513 565 436 355 418 520 368 523 558 496 560 482 556 483 542 400 403 363 430 504 432 469 570 503 569 360 510 461 524 559 488 517 566 439 392 455 417 458 438 545 376 391 422 506 471
545 402 439 370 515 496 403 507 407 475 391 497 470 397 489 354 510 555 514 482 469 434 376 553 490
546 471 407 397 431 544 563 510 531 455 524 525 378 513 504 376 350
559 419 480 353 469 560 370
519 396 354 403 555 382 531 452 507 361 355 458 547 562 359
470 547 557 531 354 500 396 515 403 555 361 489 475 350 506 376 367 546 481 452 450 355 548 463
436 400 503 484 438 398 395 538 566 561 465 479 559 512 404 408 525 428 517 488 417 545 493 556 376 394 431 536 456
500 423 392 473 559 503 436 465 431 420 438 488 445 414 493 408 365 374 482 387 517 507 373 395 444 487 548 553 400 563 415 451 376 391 417 542 544 394 404 511 512 475
372 412 545 570 428 423 543 360 553 495 402 414 460 362 373 415 421 465
558 531 410 547 568 545 421 444 429 570 543 422 455 460 530 539
527 404 556 503 430 423 537 436 431 493 473 561 492 497 566 412 515 465 560 460 542 487 559 506 483 373 482 370 525 514 538 553 475 456 394 567 500 428
439 444 421 463 400 404 495 500 556 520 465 492 413 398 362 493 560 460 408 417 535 415 542 388 473 487
495 483 387 391 461 561 421 475 492 513 460 360 517 507 402 400 479 370 559 500 537 515 506 378 520 503 497 523 465 493 566 538 570 511 395 412 508 556 366 545 373 416 431 408 456 542 438 445 374 353 376 524 444 553 428 527 567 363 544 560 514
452 471 567 456 432 544 436 376 496 517 507 511 525 497 430 475 465 513 460 545 392 561 439 483 559 374 431 438 417 493 506 394 370 391 538 434 414 526 353 402 366 404 388 492 563 367 378 514 400 553 373 500 503 515 420 412 363 524 537 484
520 419 428 388 482 496 412 483 475 432 559 404 484 373 517 376 391 409 538 542 537 394 400 471 430 503 544 493 560 567 540 566 431 446 460 408 561 492 513 366 363 420 487 417 370 462 497 515 524 500 526 514
548 446 434 523 475 491 502 391 376 407 367 458
552 427 173 384
464 384 350
497 438 559 527 395 394 378 513 376 524 398 556 419 444 391 412 434 517 511 408 436 475 553 400 512 496 374
515 456 506 492 402 526 523 496 525 438 418 570 412 465 553 517 556 507 535 475 544 565 527 431 566 504 376 561 420 391 373 419 451 461 524 463 521 366 368 460 430 370 378 563 510 414 513 432 482 559 514 497 567 417 439 545 500 520 488 569 363 444 483
441 399 364 198 501
510 433 412 472 407
497 412 359 403 565 373 455 396 382 452 361 397 546 555 354 553 460 410 500 463 547 543 531 470 367 481 515 418 528 510 474 475 489 402 548 376 557 519
388 373 361 483 547 517 445 452 481 410 570 500 413 418 460 395 363 475 402 355 461 450 437 374 428 535 555 354 531 376 504 524 415 473 360 542 557 489 560 362 507 519
463 404 412 438 493 353 452 497 415 559 500 376 421 503 475 492 557 360 513 507 400 523 373 450 465 566 544 567 487 483 363 496 445 537 444 548 370
488 492 402 394 388 563 496 400 511 523 412 452 387 483 473 521 374 556 370 376 561 460 360 548 373 414 444 546 506 428 513 391 366 566 456 395 422 465 461 517 497 432 417 408 431 493 524 436 525 475 500 507 559 520 495 503 553 514 446
460 439 531 475 523 369 544 412 376 563 360
538 493 503 456 494 526 525 408 398 404 352 409 431 368 479 484
359 446 376 490 548 475 367 373 502 391
555 470 507 397 519 474 355 497 557 481 547 382 458 463 396 359 376 450 500 510 489 531 361 452 403
460 397 421 455 528 407 480 449 563 558 350 546 372 531 355 402 570 504 360 545
538 439 566 374 376 513 373 527 559 496 370 561 408 428 398 517 465 425 524 395 553 375 430 520 495 545 438 523 537 434 368 423 525 352 484 494 432 419 417 404 378 503 391 460 400 409 506 473 493 431 392 479 440 567 462 412 563 512 497 511
546 543 497 541 355 367 500 510 359 432 568 531 563 422 528 426 466 504 407 561 421 565 506 433 412 372 350 569 522 363 553 557 529 369 429 539
524 514 520 428 395 434 496 548 402 544 408 475 559 517 553 513 436 515 376 431 460 363 446 526 438 391 368 484 374 412 483 417 482 566 353 538 400 503 373 404 430 492 378 497 493 394 542 555 539
572 437 532
467 437 532
504 531 503 466 446 529 493 390 450 481 502 400 391 522 429 568 473 372 455 560 366
457 435 419 509 357 554 389 469 505 380 486 369 518 516 551 381
567 500 517 404 465 392 494 493 492 431 560 506 545 416 559 400 417 484 561 412 353 395 456 503 420 419 513 408 569 483 514 471 423 525 430 388 538 497 566
417 502 506 515 428 482 493 525 431 475 512 567 527 548 353 400 559 524 488 490 500 438 513 374 483 460 503 539 458 366 517 566 556 563 497 514 412 456 367 446 373 423 414 359 561 394 491 465 376 484 553 378 492 544 487
523 553 479 402 477 456 423 373 520 534 563 427 460 434 395 439 428 570
373 514 495 542 417 524 507 513 415 432 460 395 362 555 438 548 506 387 376 510 520 523 558 412 570 497 388 565 561 553 365 444 370 567 461 402 544 463 543 422 442 428
445 543 417 504 563 373 415 465 388 444 395 372 570 500 487 457 402 397 404 545 455 493 558 400
408 370 559 392 439 432 526 483 525 563 566 456 398 465 412 471 419 353 416 423 561 541 428 395 420 553 569 514 374 497 493 366 537 469 503 451 484
464 428 549 425 173 563 496 414
426 543 504 563 528 350 458 369 455 513 433 490 533 510
563 486 477 509 459 516 551 424 369 397 505 554 389 518 419 469 457
405 410 418 372 361 396 455 541 539 531 522
568 531 513 428 478 563 376 359 418 361
556 465 408 560 561 515 392 438 439 525 542 423 535 415 376 503 362 444 495 428 527 460 373 539 413 456 483 463 412 445 479
398 400 527 536 561 487 414 370 368 426 512 392 404 471 556 537 409 352 563 391 515 366 506 484 408 462 493 373 492 374 517 566 423 432 472 353 545 378 412 482 417 503 500 375 525 514 395 438 479 483 475 456 538 465 419 511 434 559 507 376 440 428 497 436 513
369 497 397 527 531 419 546 561 407 543 484 563 528 519 455 384 552 504 433 426
350 518 554 551 397 389 563 435 469 381 433 486 407 442 357 561 419 378 380 477 424 516 455 509 457
429 481 531 539 504 455 522 529
466 481 529 372 531 504 539 522 455
381 509 369 518 357 469 457 554 516 389 486 505 424 459 435 419
551 516 554 369 486 457 509 469 389 419 424
568 372 463 475 382 396 355 474 547 500 555 376 548 557
459 509 357 419 554 381 380 469 369 389 457 505 424 516 551
486 389 357 435 516 518 563 457 551
559 446 439 431 376 408 503 462 492 493 400 404 513 421 378 556 444 412 392 419 363 538 475 409 353 388 500 525 465 483 391 445
471 432 465 451 514 412 430 553 563 537 455 420 416 374
409 497 493 537 503 536 484 416 561 375 559 412 462 456 526 404 368 398 538 517 483 352
466 463 547 475 429 361 397 531 450 376 539 418 367 412 422 354 504 489 355 396 474 522 555 359 363 519
391 373 490 539 378 491 475 548 367 376
362 558 557 545 463 396 374 432 428 421 372 422 465 444 544 531 387 507 523 360 504 376 495 417 553 397 520 514 543 439 460 402 425 497
570 412 482 360 415 413 495 492 373 445 473 460 371 560 558 542 463 535
399 501 441 549 364 351 393 476 564
198 476 501 393 564 364 441
404 409 538 525 408 394 431 503 462 412 517 375 456 536 542 368 398 479 492 484 493 494
403 367 557 361 531 452 396 547 376 450 481 458 519 422 359 355 555 463 474 475 535 354 546
497 554 369 459 435 509 424 419 486 380 505 516 457 518 357 469 551 381 397
441 564 198 399 364 393 476
501 351 399 393 454 364 198 441
351 564
454 564 198 364
497 424 369 518 459 389 555 563 551
572 406 453 467 498 463 462 499 532
553 543 373 407 455 433 510 350 504 355 563 412
380 477 419 369 554 397 551 435 457 563 485 509 389 459 424 357 516 469
518 457 505 486 554 389 509 369 516 424
450 373 376 539 475
525 538 398 487 404 512 431 409 352 494 493 536 437 532 353 517 456 368
498 406 572 386 462 499 467 379 437
532 437 373 411 453
554 486 551 357 505 424 516 457 397 389 381 380 518 369
509 505 397 563 486 369 518 389 381 380 457 424 551 469 477 357 516
507 397 543 480 440 444 563 422 504
504 455 563 430 397 568 508 514 432
413 388 370 360 421 563 542 428 362 387 402 473 404 495 556 535 400 465 460 545 463 445 558 520 444
504 432
543 449 540 414 563
453
437 532 387
554 469 509 380 419 389 486 424 357 457 516 551
504 533 369 528 455 407 510 563 350
349 534 436 496 434 405 508
478 534 434 508
460 473 374 413 415 463 445 489 483 465 362
363 423 461 524 507 483 436
478 349 563 425 508 523 434
504 361 470 359
531 429 539 504 412 522 466 455
531 539 529 466 481 455 546 429 568 504
397 518 563 477
428 414 173
411 472
356 498
552 464 350
198 399 564 364 501 441
361 359 372
431 356 567 533
532 401
532 437
532
386
383
377 387
