236 0.26474439300537367
186 0.29193775913903786
122 0.3353640279197615
285 0.2918744814832356
24 0.47268824058696085
346 0.37609833047034774
271 0.33690054122858615
304 0.24907053688511607
176 0.2863299389554111
9 0.3211434510253509
130 0.2377148975650159
329 0.26849812959870184
204 0.38687181744916627
213 0.2357582953657345
252 0.28220320255779907
332 0.26128065262427685
82 0.2969175856456903
65 0.2767081892650418
276 0.3026413863196111
26 0.3407468496385805
280 0.35000900780198246
272 0.2741925366319634
211 0.33922027824221634
199 0.34698733650580177
84 0.23613596023020936
133 0.2896026432117858
62 0.3045766396528444
239 0.3295876311859994
172 0.26565781592596877
322 0.26435711775706866
53 0.31104222534574133
3 0.29093878876523527
170 0.30630741185030375
175 0.37287639353871777
46 0.42734180773529584
56 0.29235085376949704
254 0.49593182478909814
194 0.49714486449941614
231 0.22813549059340033
117 0.2289504022527275
127 0.4474661790763296
135 0.45395581957836445
103 0.21913885585608728
188 0.3417186015299115
23 0.21694647937508466
116 0.42424268573845925
73 0.18813335577364948
299 0.4606355378413504
288 0.2213635227070125
315 0.20287824933090454
119 0.24953439424870183
323 0.2612244264427625
48 0.2617046900233599
57 0.3377838759461477
200 0.2815431794511186
98 0.3491048651062633
313 0.3381172985220595
63 0.19801611292441904
344 0.25507636704463044
67 0.31166947751688884
118 0.3608655374307901
325 0.3675637167121845
277 0.3030921952295919
134 0.2834671331400856
270 0.16668458817566467
76 0.20682223863303198
36 0.4684549563049467
223 0.3069415915562153
274 0.27025530179967805
88 0.3192922857793199
21 0.23939187001681028
339 0.15979742443352846
108 0.4193427277962049
197 0.44877299656519176
169 0.30423091838102045
275 0.6261418175588672
273 0.5358642312085631
83 0.4082923932362297
28 0.41006946726964383
312 0.3654378113472505
242 0.3963243970305231
214 0.37873549340439805
20 0.40229579588089803
307 0.22597223379236744
71 0.23499201224614175
333 0.32608254737072706
207 0.17605580732859272
168 0.3285755358729114
308 0.2693557351339667
341 0.2779711893750881
128 0.3096876960530096
334 0.2847007446065854
238 0.3265827017603767
265 0.34516813073028396
141 0.3098425588274317
78 0.5866023350621813
345 0.2999661922967316
317 0.24873735869586386
158 0.21099097264664976
38 0.1581065195874295
302 0.49724416795121335
27 0.21025979705355868
54 0.21419901838164793
139 0.38675968873300237
109 0.299177635821513
291 0.26930044412055476
142 0.35472534399108924
203 0.3035972447664031
105 0.23765286077044603
232 0.3102122235546086
64 0.35422866853233453
217 0.2261294683113301
248 0.24062663600461098
126 0.2917973077520695
224 0.2874763799518101
261 0.34889106407572823
283 0.17293130410689386
144 0.36838465909983376
226 0.4187512375194676
290 0.3169596709183017
25 0.2658871306269022
342 0.36232378032281404
146 0.2084005027480467
300 0.20807068317967656
94 0.4361827545084685
1 0.2976740258987057
184 0.30153654303743904
159 0.33106263300488475
149 0.45353863464361044
13 0.38922030956150344
59 0.31147083452417995
17 0.3913558079249191
326 0.4439570331923977
80 0.3185778490018221
187 0.5382524121821629
161 0.2334471695060167
66 0.28049617855970793
31 0.28278925339170685
136 0.24560771390142033
7 0.26512324695968753
255 0.1828987207142973
49 0.13265933824940382
320 0.3436993667533116
85 0.32450590182242384
246 0.25575521122887906
123 0.331515355144581
284 0.44811417597995223
140 0.3597160589970142
137 0.3736433257054342
343 0.38866844274413004
115 0.4115466845204036
297 0.2900594797444664
185 0.3054586213123911
104 0.35203375948515453
324 0.1257207455776948
171 0.34814959355001535
111 0.3499717059890909
14 0.45004890563179945
310 0.3692917983389183
32 0.4671292510452969
30 0.2475965985299966
222 0.23410538940514058
92 0.511151883735191
72 0.29376867056491407
40 0.27188728887421404
125 0.14915880356118708
266 0.4755825404331655
212 0.2810811905932248
278 0.4830999950481076
340 0.1740675403986095
237 0.3736361009450109
311 0.30010695758809736
309 0.43895604467951993
330 0.41383408165282
230 0.27122443754574777
70 0.19947378221157233
16 0.1967026866620668
249 0.4699895017823249
39 0.27115188676394003
251 0.4185019612018221
10 0.26106438227411893
55 0.2929865659826473
228 0.14070743888075787
69 0.229335557912683
113 0.36447105874788155
258 0.26381185338207175
257 0.24307542579232516
196 0.3516483586791214
156 0.24413017825319813
303 0.3415105670916864
286 0.08577503924427757
81 0.19341398396942916
174 0.41547836806955
293 0.3786187754025089
33 0.3533081524503512
42 0.3533081524503512
347 0.31237691126588674
2 0.3246134422748845
281 0.4181401591412629
263 0.4308288439101948
279 0.333800674009307
51 0.2504737423064211
338 0.2673447175180151
162 0.36527472030523217
19 0.2533829388224992
75 0.2893934896993493
218 0.6384508736921127
268 0.32380890368198195
314 0.2807592346746465
5 0.24696374033781862
178 0.22253785900187592
192 0.19946257157318284
243 0.3319052942115465
195 0.6398637376744466
181 0.6261418175588672
8 0.4122514334504786
245 0.19299265218368605
129 0.3239452254391864
328 0.5980608675307164
331 0.18070671868250235
150 0.2606254590309175
101 0.5424701698047834
99 0.3842456738538656
296 0.4690526872461844
102 0.4201644793069449
318 0.27513780683554345
163 0.20154089597313218
173 0.13936264133307066
165 0.23888586095094716
121 0.2405632743266705
306 0.6864073880963666
177 0.5004555062819491
180 0.5233208328156327
87 0.28683021295107286
189 0.34131199085845987
60 0.21668323394769143
259 0.26928285808953306
45 0.3356704176863516
58 0.3797937331729409
269 0.23488012294285854
167 0.41117925472753813
227 0.40918434368135337
96 0.19543271951221342
91 0.32930449002074685
143 0.42853188464015857
61 0.1323212767512863
93 0.4122139240549693
41 0.3730564651203142
235 0.24399501043547767
6 0.46370856258330706
89 0.3836816846934915
107 0.41541972114712766
79 0.27932922153079903
208 0.22870364217466913
132 0.21806590191274855
221 0.23919565953159563
301 0.1535604053457108
250 0.237615452982183
106 0.2662637409739292
29 0.15445752796164178
337 0.48603227245506286
100 0.27682618600481973
110 0.42287957062188014
264 0.42287957062188014
225 0.49285392881632273
86 0.34811377383800635
152 0.2418020536537041
148 0.15006969347790644
295 0.2618173017848091
201 0.21004697133094277
289 0.2610249693773049
260 0.17197633467514997
160 0.19119567609071747
321 0.28213769664431043
68 0.4857948102218491
131 0.4071063219616898
22 0.29238726706076934
298 0.25023690507074897
262 0.2509147058582272
220 0.2714085193203867
234 0.2684754521963824
44 0.3315925358509887
50 0.2083760030817204
193 0.2076509293061618
97 0.2928875196221387
124 0.16192249913333148
112 0.39155932750832817
90 0.28606263620373745
179 0.3239348179880458
216 0.33107088989441924
151 0.4111625434608504
145 0.3618069997723542
157 0.19963195436965758
4 0.590504876578653
327 0.34806324036474523
95 0.4363808418344153
120 0.17782990503983945
247 0.17265172728356282
190 0.3285121394717699
282 0.20089921911956046
244 0.20089921911956046
319 0.41190505094699714
233 0.356594110115237
256 0.356594110115237
166 0.188387212277313
202 0.26558583672804964
155 0.22801810569299882
191 0.351227277275488
147 0.4817353788984879
206 0.13357439338747482
229 0.2304962566370655
138 0.12999873616145718
164 0.15456994849032035
240 0.1399130442765376
77 0.19502065324786413
219 0.34707537907755437
305 0.40732777454516383
153 0.3140838242390852
154 0.09902474766931282
198 0.07600155652781669
182 0.15569817667142383
336 0.1878826187476366
241 0.08143443422083001
294 0.2531762611072383
253 0.21326026660906527
267 0.19760168920972734
316 0.10114173309136133
205 0.2906542056074767
47 0.31678536594306395
183 0.2364389962054795
52 0.17550905159039176
34 0.11445861782233108
35 0.35652422838787307
