436 0.07089304289839328
428 0.108631875003168
450 0.03180580186400584
531 0.048073944202330396
538 0.08876443043761781
404 0.06603135354025332
565 0.019754983144809803
412 0.09932881938111474
471 0.05001871239803147
461 0.08076259194196736
544 0.09614125790548347
414 0.07426156196586874
465 0.09846413058794377
546 0.04296307650752299
547 0.04705466220678152
475 0.14768675687521893
446 0.020273111705967378
536 0.03086089046610115
398 0.0522741859612777
367 0.03855554372813914
452 0.042670031349869804
560 0.036311743751262025
493 0.08822443184830017
361 0.03053568592922003
359 0.032729806116408744
402 0.09633509881143787
520 0.08320393728582379
567 0.08322988870769446
542 0.07464676603372888
510 0.03011348896177324
521 0.00922245032147853
559 0.13925799285241
557 0.05051881004025892
376 0.15422797851964476
555 0.04958594166929668
500 0.08981882419714719
469 0.02563336497943217
516 0.03453454062074258
378 0.0831746670095852
482 0.049573799624880996
418 0.023581354381753402
506 0.11103048183300789
514 0.09873065500748164
545 0.07172291142497224
525 0.11460446023722727
484 0.07729570705130517
492 0.07370622425822546
479 0.055022441235355456
373 0.1365710149361309
483 0.1258571317262998
173 0.0051112758616072215
549 0.005745403192874991
460 0.09528535489808772
517 0.13558325384811581
395 0.102718573148628
370 0.10460769201275519
396 0.03923280307334596
416 0.022704075477492165
368 0.049070568584661266
503 0.08635641055001733
423 0.05934669713953861
457 0.03507118599147214
477 0.013531565631008094
524 0.10106971119327736
364 0.016955674516958914
441 0.015947862627126757
400 0.11293119971935314
548 0.0348093351522644
515 0.08743822273603843
434 0.04110892207383985
496 0.050177723092054975
382 0.013959329579642335
474 0.029530174882526048
451 0.031570427868205075
409 0.04851588326840876
526 0.04441136166528152
363 0.08173301270022044
371 0.0019126889533788425
420 0.040318538379344085
432 0.08908971018232699
448 0.0027900241962130535
563 0.09832729559256104
508 0.017726387487457338
440 0.011687716314242879
444 0.06597949248391491
523 0.06297531287011873
561 0.08965438826236151
365 0.004053995690511045
507 0.09796250943062516
397 0.05876523695780489
439 0.050181139476337996
497 0.11700029638787583
513 0.11193169057243614
387 0.058772953127129525
408 0.09047986824506518
512 0.0428376554610798
394 0.04246279034252098
419 0.06730102150488973
527 0.05680223142989106
443 0.0007089735781085198
453 0.003056832269032315
403 0.02834772002808999
504 0.03993503206304132
422 0.03293283163795513
413 0.019011620659581303
495 0.026605163490658956
553 0.1012022120245658
458 0.026723835795974222
426 0.018549398852205367
540 0.005807773471647261
470 0.01781694136898077
519 0.03571883812184484
511 0.049891358108361164
556 0.05722975489437809
558 0.025599975872075627
372 0.016798063914660353
392 0.05625914173938244
445 0.03035103974537109
417 0.08685763308813044
566 0.111908149893945
353 0.06804936511232441
490 0.013749163552724153
464 0.005632804744972742
552 0.005650740120722441
488 0.04329589848825942
374 0.1117320234205709
476 0.00850173496870398
533 0.004357039488755224
355 0.05500361577377795
463 0.04206207373413546
388 0.05410118426991443
438 0.0991993713639222
442 0.0042328885422652975
375 0.02182168409217014
491 0.012980841594397123
354 0.04062777055411244
543 0.02662139004087839
456 0.10332024983820266
455 0.03846802361849215
366 0.07178968259739428
467 0.004156736769882103
572 0.004249910066053255
539 0.02337136289638095
424 0.032876725872596206
537 0.05863146934850202
391 0.08993113894558867
425 0.01376825765741802
360 0.051340949556877444
421 0.03333744102574917
430 0.05139667166167193
427 0.010036690147797298
407 0.017716138277133503
357 0.03336981642606561
568 0.010582789073344007
405 0.008178938014170916
473 0.040002475327160794
431 0.1052112497850466
350 0.02105125809050754
369 0.03618730520788539
466 0.012456310232453747
429 0.009959146490988627
551 0.03279853183358482
381 0.014883540565979911
410 0.008023917560645475
486 0.02968877212727391
459 0.012866985857564319
487 0.044647930953276696
569 0.0169059311286042
494 0.03544171706361452
481 0.03728277078744752
502 0.011347633430367963
570 0.04749048826005388
362 0.02507169939917852
198 0.01537204134324367
399 0.01533948230014765
352 0.027700308539399456
489 0.03995727058788707
389 0.032328125508553886
501 0.016445520448900377
564 0.014065770065815966
454 0.002629827044971173
351 0.0056038446947262845
435 0.010149736692799404
437 0.008806845334587473
528 0.010948062431105451
518 0.02981526441090416
380 0.019045218605009913
390 0.004560968111668141
462 0.02654908008976934
532 0.008333199933137529
498 0.00457248355728221
509 0.02896403098875164
554 0.03171531541206594
449 0.007266555064335866
541 0.009508118443201721
415 0.03872039239519275
571 0.001144052130344406
480 0.004332701312625645
468 0.0005187829798007764
406 0.003164237631206129
505 0.022949688851604283
433 0.012857085617843975
478 0.009030321627206362
349 0.006367146013847813
535 0.013766993799027986
385 0.005945495081589617
534 0.009069380293577458
562 0.004400201004469309
529 0.01002695860041231
522 0.013075146975942855
485 0.005535822985693848
34 0.0026967408096636686
356 0.0024085874333992477
411 0.002310848320969127
384 0.006195957189112381
393 0.013832301424228902
530 0.003290162298494329
472 0.003268814843530847
386 0.0015556132042795926
499 0.0009285056738628739
379 0.0005491390752058724
401 0.0004839510258457577
377 0.0002851609888147609
383 0.001453731505689996
