4038 0.05102725571555788
4014 0.06308320188899653
4032 0.009615384615384616
4027 0.036800435432757975
4019 0.044157199056360015
4026 0.06239714307875159
4023 0.09641550679319869
4003 0.017764699005951328
4018 0.03467302212092009
3997 0.07782766699385357
4031 0.05697168220759493
4021 0.0720049096568644
3998 0.09088845512226693
4013 0.015491742108962711
4004 0.05459258662885136
4030 0.09298800988604793
3988 0.040500272231174216
3982 0.08211205846208854
4002 0.03378651476414399
4037 0.011536016519805969
4020 0.04051543489787463
3995 0.05954029033695017
3993 0.029769536958444812
3986 0.06100926474501325
4017 0.055698229625908084
3983 0.007752170911825528
3994 0.06847584849365472
3999 0.02287044137910366
4005 0.016449774427537603
4009 0.0765687396908803
3991 0.011407339764035159
3989 0.030442116226115236
4011 0.01975350861037802
3992 0.008595956868428815
3981 0.04828648171378025
4000 0.06014591348365376
3985 0.0392364799369686
594 0.02199917864161318
3996 0.011576269109211999
4029 0.00296468659900726
4001 0.00296468659900726
4025 0.028116067500640312
4016 0.02887650660072885
4034 0.006503875804672176
3990 0.024196504196670465
4036 0.007300544253512467
4033 0.005653268793423477
4007 0.027608177145764693
4028 0.003609409584276674
4012 0.0016447368421052633
3987 0.0016447368421052633
4006 0.004807692307692308
