4014 4027 4031 3989 4023 4020 4004 4013
4038 3982 4030 4023 3985 3986 3998 3995 4021 4037 4017
4027
4032 4038 4002 4020 4031 4006
4026 3997 3994 3998 4030 4009 3981
4019 4000 4017 3995 4030 4021 3986 3982
4003 4031 4030 4004 3997 4014 3982 4009 3981 4034 3998 4038 4002 3995 4013 4018 3994
4023 3982 4009 4030
3997 3994 3998 3981 4030 4023
4018 3994 4019 4023 4030 4021 3981 3982 4009 3998
4023 4002 4011 4038 4020 3991 594 4004 4027 4013
3998 3988 3982 4000 3997 4030 4017 4014 3986 4026
4021 3982 3994 3999 3981 4019 4014 4009 4018 4002 4005 4023 3997
4004 3989 4023 4038 4031
4013 3995 4023 3993 4020 4030 4031 4038 3985
4023 3993 4014 4009 4017 3986 3994 3997 4019 3988 4000 3982 4021 4020 4018 4026 4004 4003
4021 3995 4030 3985 3982 3993
3998 3986 4014 4009 4021 4037 4023 4003 4030 3994 3997 3988 4026
4031 4027 4020 3998 4023 3996
4020 3982 4014
4037 4027 4031 4002 4030 4004 4038
3993 4004 4000 3985 3988 4014 4026 4023
3995 4030 3985 4004 3988
3982 4030 4014 4017 4033 4021 4000 4026
3983 3992 4030 3986 4026 4000 4021 4014
4017
3998 3997 4019 4018 4030 4009 3996 3982 3981 4023
3998 4005 4036
3999 3998
3982 4030 3981 3994 4023 3998 4003 4019 3997
3989 4031
3991 4038 594 4011 4013
4031 594 3989
4017 4000
3998 4009 4023 3997 4018 3994 4019
3995 4026 4021 3992 4030 4017 3986 4033
4014 3993 3995 3988 4004
4011 3989 4031
3994 4028 4002
4001
4029
4016 3990 4007
4025 3990 4007
4023
4016 4007 4025
3999
3986 4000
3990 4025 4016
3996
3987
4012
4027
